trader_id,description,manufacturer_part_number,brand_name,address,products_img,madeIn,price,is_offer,offer_price,offer_start_date,offer_end_date,rating,review_count,type,is_best_seller,is_mobilawy,assembly_kit,product_line,frontOrRear,tyre_speed_rate,maximum_tyre_load,tyre_engraving,rim_diameter,tyre_height,tyre_width,kilometer,oil_type,battery_replacement_available,volt,ampere,liter,color,Number_spark_pulgs,created_at,businessCategories_id,enabled,products_name,warranty,disabled_at,updated_at,status,qtyInStock,deletedAt,Brand,Year,Model,first_img_src
16,"3.5L V6 Belt Drive ['BMW', '325I', '1991', 'BMW', '530I', '2004-2005', 'BUICK', 'REGAL', '1988-1989', 'CHEVROLET', 'BERETTA', '1987-1993', 'CHEVROLET', 'CAVALIER', '1987-1994', 'CHEVROLET', 'CORSICA', '1987-1993', 'CHEVROLET', 'LUMINA', '1990-1993', 'FORD', 'MUSTANG', '1987-1993', 'FORD', 'THUNDERBIRD', '1987-1988', 'LEXUS', 'ES350', '2019-2023', 'LEXUS', 'GS350', '2016-2020', 'LEXUS', 'IS300', '2019-2022', 'LEXUS', 'IS350', '2019-2022', 'LEXUS', 'RC300', '2019-2022', 'LEXUS', 'RC350', '2019-2022', 'LEXUS', 'RX350', '2016-2022', 'OLDSMOBILE', 'CUTLASS SUPREME', '1988-1989', 'OLDSMOBILE', 'FIRENZA', '1987', 'PEUGEOT', '206', '2000-2008', 'PEUGEOT', 'GRAND RAID', '2007-2008', 'PEUGEOT', 'PARTNER', '2004-2006', 'PONTIAC', 'FIERO', '1987-1988', 'PONTIAC', 'GRAND PRIX', '1988-1989', 'PONTIAC', 'SUNBIRD', '1991-1994', 'PONTIAC', 'TEMPEST', '1987-1991', 'TOYOTA', 'AVALON', '2019-2022', 'TOYOTA', 'CAMRY', '2018-2023', 'TOYOTA', 'HIGHLANDER', '2017-2022', 'TOYOTA', 'SIENNA', '2017-2020']",6K615,LEXUS,"[{""address"":""Acura Almulla, Car Dealer Rd, Kuwait"",""location"":""https://maps.app.goo.gl/J3oPuFs33svZGpK89""}]",images/LEXUS/LEXUS___GS350___3.5L_V6___Belt___6K615___50099.jpg,,21,0,0,,,0,0,Standard Replacement ,0,0,1,,,,,,,,,0,,0,,,0,,,14/08/2024,1,1,Belt,,,,Accepted,500,,LEXUS,2020,GS350,https://www.rockauto.com/info/335/88932708_Primary__ra_m.jpg
16,"3.5L V6 Belt Drive ['LEXUS', 'GS350', '2015-2020', 'LEXUS', 'GS450H', '2015-2018', 'LEXUS', 'IS300', '2017-2023', 'LEXUS', 'IS350', '2017-2023', 'LEXUS', 'RC300', '2017-2023', 'LEXUS', 'RC350', '2017-2022']",39455,LEXUS,"[{""address"":""Acura Almulla, Car Dealer Rd, Kuwait"",""location"":""https://maps.app.goo.gl/J3oPuFs33svZGpK89""}]",images/LEXUS/LEXUS___GS350___3.5L_V6___Belt_Tensioner___39455___87579.jpg,,112,0,0,,,0,0,none,0,0,1,,,,,,,,,0,,0,,,0,,,14/08/2024,1,1,Belt Tensioner,,,,Accepted,500,,LEXUS,2020,GS350,https://www.rockauto.com/info/64/39455-1_ANG_A__ra_m.jpg
16,"3.5L V6 Belt Drive ['LEXUS', 'ES350', '2007-2022', 'LEXUS', 'GS350', '2007-2020', 'LEXUS', 'IS250', '2006-2015', 'LEXUS', 'IS300', '2016-2022', 'LEXUS', 'IS350', '2006-2022', 'LEXUS', 'RC300', '2016-2022', 'LEXUS', 'RC350', '2015-2022', 'LEXUS', 'RX350', '2007-2022', 'TOYOTA', '4RUNNER', '2003-2023', 'TOYOTA', 'AVALON', '2005-2022', 'TOYOTA', 'CAMRY', '2007-2022', 'TOYOTA', 'FJ CRUISER', '2007-2014', 'TOYOTA', 'HIGHLANDER', '2008-2022', 'TOYOTA', 'RAV4', '2006-2012', 'TOYOTA', 'SIENNA', '2007-2020', 'TOYOTA', 'TACOMA', '2005-2022', 'TOYOTA', 'TUNDRA', '2005-2014', 'TOYOTA', 'VENZA', '2009-2016']",49127,LEXUS,"[{""address"":""Acura Almulla, Car Dealer Rd, Kuwait"",""location"":""https://maps.app.goo.gl/J3oPuFs33svZGpK89""}]",images/LEXUS/LEXUS___GS350___3.5L_V6___Idler_Pulley___49127___97675.jpg,,27,0,0,,,0,0,none,0,0,1,,,,,,,,,0,,0,,,0,,,14/08/2024,1,1,Idler Pulley,,,,Accepted,500,,LEXUS,2020,GS350,https://www.rockauto.com/info/147/49127_VIEW%201__ra_m.jpg
16,"3.5L V6 Body & Lamp Assembly ['LEXUS', 'GS200T', '2016-2017', 'LEXUS', 'GS350', '2016-2020', 'LEXUS', 'GS450H', '2016-2018']",LX1000319,LEXUS,"[{""address"":""Acura Almulla, Car Dealer Rd, Kuwait"",""location"":""https://maps.app.goo.gl/J3oPuFs33svZGpK89""}]",images/LEXUS/LEXUS___GS350___3.5L_V6___Bumper___LX1000319___50844.jpg,,154,0,0,,,0,0,none,0,0,1,,Front,,,,,,,0,,0,,,0,,,14/08/2024,1,1,Bumper,,,,Accepted,500,,LEXUS,2020,GS350,https://www.rockauto.com/info/69/621242K__ra_m.jpg
16,"3.5L V6 Body & Lamp Assembly ['LEXUS', 'GS200T', '2016-2017', 'LEXUS', 'GS350', '2016-2020', 'LEXUS', 'GS450H', '2016-2018']",LX1100190,LEXUS,"[{""address"":""Acura Almulla, Car Dealer Rd, Kuwait"",""location"":""https://maps.app.goo.gl/J3oPuFs33svZGpK89""}]",images/LEXUS/LEXUS___GS350___3.5L_V6___Bumper___LX1100190___39442.jpg,,114,0,0,,,0,0,none,0,0,1,,Rear,,,,,,,0,,0,,,0,,,14/08/2024,1,1,Bumper,,,,Accepted,500,,LEXUS,2020,GS350,https://www.rockauto.com/info/69/6212524__ra_m.jpg
16,"3.5L V6 Body & Lamp Assembly ['LEXUS', 'GS350', '2013-2020', 'LEXUS', 'GS450H', '2013-2018']",LX1170121,LEXUS,"[{""address"":""Acura Almulla, Car Dealer Rd, Kuwait"",""location"":""https://maps.app.goo.gl/J3oPuFs33svZGpK89""}]",,,Out of Stock,0,0,,,0,0,none,0,0,1,,Rear,,,,,,,0,,0,,,0,,,14/08/2024,1,1,Bumper Energy Absorber,,,,Accepted,500,,LEXUS,2020,GS350,
16,"3.5L V6 Body & Lamp Assembly ['LEXUS', 'GS200T', '2016-2017', 'LEXUS', 'GS300', '2018-2019', 'LEXUS', 'GS350', '2016-2020', 'LEXUS', 'GS450H', '2016-2018']",LX1038127,LEXUS,"[{""address"":""Acura Almulla, Car Dealer Rd, Kuwait"",""location"":""https://maps.app.goo.gl/J3oPuFs33svZGpK89""}]",images/LEXUS/LEXUS___GS350___3.5L_V6___Bumper_Insert___LX1038127___10849.jpg,,Out of Stock,0,0,,,0,0,none,0,0,1,,Front Left,,,,,,,0,,0,,,0,,,14/08/2024,1,1,Bumper Insert,,,,Accepted,500,,LEXUS,2020,GS350,https://www.rockauto.com/info/69/LX1038127__ra_m.jpg
16,"3.5L V6 Body & Lamp Assembly ['LEXUS', 'GS200T', '2016-2017', 'LEXUS', 'GS300', '2018-2019', 'LEXUS', 'GS350', '2016-2020', 'LEXUS', 'GS450H', '2016-2018']",LX1039127,LEXUS,"[{""address"":""Acura Almulla, Car Dealer Rd, Kuwait"",""location"":""https://maps.app.goo.gl/J3oPuFs33svZGpK89""}]",images/LEXUS/LEXUS___GS350___3.5L_V6___Bumper_Insert___LX1039127___80060.jpg,,Out of Stock,0,0,,,0,0,none,0,0,1,,Front Right,,,,,,,0,,0,,,0,,,14/08/2024,1,1,Bumper Insert,,,,Accepted,500,,LEXUS,2020,GS350,https://www.rockauto.com/info/69/LX1039127__ra_m.jpg
16,"3.5L V6 Body & Lamp Assembly ['LEXUS', 'GS200T', '2016-2017', 'LEXUS', 'GS350', '2016-2020', 'LEXUS', 'GS450H', '2016-2018']",LX1006151,LEXUS,"[{""address"":""Acura Almulla, Car Dealer Rd, Kuwait"",""location"":""https://maps.app.goo.gl/J3oPuFs33svZGpK89""}]",images/LEXUS/LEXUS___GS350___3.5L_V6___Bumper_Reinforcement___LX1006151___82310.jpg,,70,0,0,,,0,0,none,0,0,1,,Front,,,,,,,0,,0,,,0,,,14/08/2024,1,1,Bumper Reinforcement,,,,Accepted,500,,LEXUS,2020,GS350,https://www.rockauto.com/info/69/T2_LX1006151_Fro__ra_m.jpg
16,"3.5L V6 Body & Lamp Assembly ['LEXUS', 'GS350', '2013-2020', 'LEXUS', 'GS450H', '2013-2018', 'LEXUS', 'LS600H', '2008-2016', 'LEXUS', 'RX350', '2010-2012', 'LEXUS', 'RX450H', '2010-2012', 'SCION', 'XB', '2013-2015', 'TOYOTA', '4RUNNER', '2010-2013', 'TOYOTA', 'RAV4', '2009-2015']",TO1045100,LEXUS,"[{""address"":""Acura Almulla, Car Dealer Rd, Kuwait"",""location"":""https://maps.app.goo.gl/J3oPuFs33svZGpK89""}]",images/LEXUS/LEXUS___GS350___3.5L_V6___Bumper_Retainer___Clip___TO1045100___49796.jpg,,1,0,0,,,0,0,none,0,0,1,,Rear,,,,,,,0,,0,,,0,,,14/08/2024,1,1,Bumper Retainer / Clip,,,,Accepted,500,,LEXUS,2020,GS350,https://www.rockauto.com/info/69/T2_TO1045100_Fro__ra_m.jpg
16,"3.5L V6 Body & Lamp Assembly ['LEXUS', 'GS200T', '2016-2017', 'LEXUS', 'GS300', '2018-2019', 'LEXUS', 'GS350', '2016-2020', 'LEXUS', 'GS450H', '2016-2018']",LX1042120,LEXUS,"[{""address"":""Acura Almulla, Car Dealer Rd, Kuwait"",""location"":""https://maps.app.goo.gl/J3oPuFs33svZGpK89""}]",images/LEXUS/LEXUS___GS350___3.5L_V6___Bumper_Support___LX1042120___91508.jpg,,Out of Stock,0,0,,,0,0,none,0,0,1,,Front Left,,,,,,,0,,0,,,0,,,14/08/2024,1,1,Bumper Support,,,,Accepted,500,,LEXUS,2020,GS350,https://www.rockauto.com/info/69/LX1042120__ra_m.jpg
16,"3.5L V6 Body & Lamp Assembly ['LEXUS', 'GS200T', '2016-2017', 'LEXUS', 'GS300', '2018-2019', 'LEXUS', 'GS350', '2016-2020', 'LEXUS', 'GS450H', '2016-2018']",LX1043120,LEXUS,"[{""address"":""Acura Almulla, Car Dealer Rd, Kuwait"",""location"":""https://maps.app.goo.gl/J3oPuFs33svZGpK89""}]",images/LEXUS/LEXUS___GS350___3.5L_V6___Bumper_Support___LX1043120___64091.jpg,,Out of Stock,0,0,,,0,0,none,0,0,1,,Front Right,,,,,,,0,,0,,,0,,,14/08/2024,1,1,Bumper Support,,,,Accepted,500,,LEXUS,2020,GS350,https://www.rockauto.com/info/69/LX1043120__ra_m.jpg
16,"3.5L V6 Body & Lamp Assembly ['LEXUS', 'GS200T', '2016-2017', 'LEXUS', 'GS300', '2018-2019', 'LEXUS', 'GS350', '2013-2020', 'LEXUS', 'GS450H', '2013-2018', 'LEXUS', 'IS200T', '2016-2017', 'LEXUS', 'IS250', '2014-2015', 'LEXUS', 'IS300', '2016-2021', 'LEXUS', 'IS350', '2014-2021', 'LEXUS', 'RC200T', '2016-2017', 'LEXUS', 'RC300', '2016-2021', 'LEXUS', 'RC350', '2015-2021']",LX1096100,LEXUS,"[{""address"":""Acura Almulla, Car Dealer Rd, Kuwait"",""location"":""https://maps.app.goo.gl/J3oPuFs33svZGpK89""}]",images/LEXUS/LEXUS___GS350___3.5L_V6___Crossmember___LX1096100___58498.jpg,,Out of Stock,0,0,,,0,0,none,0,0,1,,Front,,,,,,,0,,0,,,0,,,14/08/2024,1,1,Crossmember,,,,Accepted,500,,LEXUS,2020,GS350,https://www.rockauto.com/info/69/T2_LX1096100C_Fro__ra_m.jpg
16,"3.5L V6 Body & Lamp Assembly ['LEXUS', 'CT200H', '2011-2017', 'LEXUS', 'ES300H', '2013-2018', 'LEXUS', 'ES350', '2007-2018', 'LEXUS', 'GS F', '2016-2020', 'LEXUS', 'GS TURBO', '2017', 'LEXUS', 'GS300', '2018-2019', 'LEXUS', 'GS350', '2013-2020', 'LEXUS', 'GS450H', '2013-2018', 'LEXUS', 'GX460', '2010-2020', 'LEXUS', 'HS250H', '2010-2012', 'LEXUS', 'IS F', '2008-2014', 'LEXUS', 'IS200T', '2016-2017', 'LEXUS', 'IS250', '2006-2015', 'LEXUS', 'IS300', '2016-2020', 'LEXUS', 'IS350', '2006-2020', 'LEXUS', 'LX570', '2008-2020', 'LEXUS', 'NX200T', '2015-2017', 'LEXUS', 'NX300', '2018-2020', 'LEXUS', 'NX300H', '2015-2018', 'LEXUS', 'RX350', '2010-2015', 'LEXUS', 'RX450H', '2010-2015', 'SCION', 'IM', '2016', 'SCION', 'IQ', '2012-2015', 'SCION', 'TC', '2005-2016', 'SCION', 'XB', '2008-2015', 'SCION', 'XD', '2008-2014', 'TOYOTA', '4RUNNER', '2010-2020', 'TOYOTA', 'AVALON', '2013-2020', 'TOYOTA', 'C-HR', '2018-2020', 'TOYOTA', 'CAMRY', '2007-2020', 'TOYOTA', 'CELICA', '1994-1999', 'TOYOTA', 'COROLLA', '1993-2020', 'TOYOTA', 'COROLLA IM', '2017-2018', 'TOYOTA', 'FJ CRUISER', '2007-2014', 'TOYOTA', 'HIGHLANDER', '2001-2020', 'TOYOTA', 'LAND CRUISER', '2008-2020', 'TOYOTA', 'MATRIX', '2003-2013', 'TOYOTA', 'PRIUS', '2001-2020', 'TOYOTA', 'PRIUS C', '2012-2019', 'TOYOTA', 'PRIUS PRIME', '2020', 'TOYOTA', 'PRIUS V', '2012-2017', 'TOYOTA', 'RAV4', '2006-2020', 'TOYOTA', 'SEQUOIA', '2008-2019', 'TOYOTA', 'SIENNA', '2011-2020', 'TOYOTA', 'TACOMA', '2005-2020', 'TOYOTA', 'TUNDRA', '2007-2020', 'TOYOTA', 'VENZA', '2009-2015', 'TOYOTA', 'YARIS', '2007-2019']",924990,LEXUS,"[{""address"":""Acura Almulla, Car Dealer Rd, Kuwait"",""location"":""https://maps.app.goo.gl/J3oPuFs33svZGpK89""}]",images/LEXUS/LEXUS___GS350___3.5L_V6___Door_Hinge___924990___26840.jpg,,11,0,0,,,0,0,none,0,0,1,,,,,,,,,0,,0,,,0,,,14/08/2024,1,1,Door Hinge,,,,Accepted,500,,LEXUS,2020,GS350,https://www.rockauto.com/info/6952/6952_ULTRAPOWER%20DORMAN_924990_1__ra_m.jpg
16,"3.5L V6 Body & Lamp Assembly ['LEXUS', 'CT200H', '2011-2017', 'LEXUS', 'ES300H', '2013-2018', 'LEXUS', 'ES350', '2007-2018', 'LEXUS', 'GS F', '2016-2020', 'LEXUS', 'GS200T', '2016-2017', 'LEXUS', 'GS300', '2018-2019', 'LEXUS', 'GS350', '2013-2020', 'LEXUS', 'GS450H', '2013-2018', 'LEXUS', 'GX460', '2010-2020', 'LEXUS', 'HS250H', '2010-2012', 'LEXUS', 'IS F', '2008-2014', 'LEXUS', 'IS200T', '2016-2017', 'LEXUS', 'IS250', '2006-2015', 'LEXUS', 'IS300', '2016-2020', 'LEXUS', 'IS350', '2006-2020', 'LEXUS', 'LX570', '2008-2020', 'LEXUS', 'NX200T', '2015-2017', 'LEXUS', 'NX300', '2018-2020', 'LEXUS', 'NX300H', '2015-2018', 'LEXUS', 'RX350', '2010-2015', 'LEXUS', 'RX450H', '2010-2015', 'SCION', 'IM', '2016', 'SCION', 'IQ', '2012-2015', 'SCION', 'TC', '2005-2016', 'SCION', 'XB', '2008-2015', 'SCION', 'XD', '2008-2014', 'TOYOTA', '4RUNNER', '2010-2020', 'TOYOTA', 'AVALON', '2013-2020', 'TOYOTA', 'C-HR', '2018-2020', 'TOYOTA', 'CAMRY', '2007-2020', 'TOYOTA', 'CELICA', '1994-1999', 'TOYOTA', 'COROLLA', '1993-2020', 'TOYOTA', 'COROLLA IM', '2017-2018', 'TOYOTA', 'FJ CRUISER', '2007-2014', 'TOYOTA', 'HIGHLANDER', '2001-2020', 'TOYOTA', 'HILUX', '2004-2018', 'TOYOTA', 'LAND CRUISER', '2008-2020', 'TOYOTA', 'MATRIX', '2003-2014', 'TOYOTA', 'PRIUS', '2001-2020', 'TOYOTA', 'PRIUS C', '2012-2020', 'TOYOTA', 'PRIUS PLUG-IN', '2013-2015', 'TOYOTA', 'PRIUS PRIME', '2017-2020', 'TOYOTA', 'PRIUS V', '2012-2018', 'TOYOTA', 'RAV4', '2006-2020', 'TOYOTA', 'SEQUOIA', '2008-2020', 'TOYOTA', 'SIENNA', '2011-2020', 'TOYOTA', 'TACOMA', '2005-2020', 'TOYOTA', 'TUNDRA', '2007-2020', 'TOYOTA', 'VENZA', '2009-2016', 'TOYOTA', 'YARIS', '2006-2019']",924991,LEXUS,"[{""address"":""Acura Almulla, Car Dealer Rd, Kuwait"",""location"":""https://maps.app.goo.gl/J3oPuFs33svZGpK89""}]",images/LEXUS/LEXUS___GS350___3.5L_V6___Door_Hinge___924991___14301.jpg,,15,0,0,,,0,0,none,0,0,1,,Front Right,,,,,,,0,,0,,,0,,,14/08/2024,1,1,Door Hinge,,,,Accepted,500,,LEXUS,2020,GS350,https://www.rockauto.com/info/42/924-991-007__ra_m.jpg
16,"3.5L V6 Body & Lamp Assembly ['LEXUS', 'CT200H', '2011-2017', 'LEXUS', 'ES300H', '2013-2018', 'LEXUS', 'ES350', '2007-2018', 'LEXUS', 'GS F', '2016-2020', 'LEXUS', 'GS200T', '2016-2017', 'LEXUS', 'GS300', '2018-2019', 'LEXUS', 'GS350', '2013-2020', 'LEXUS', 'GS450H', '2013-2018', 'LEXUS', 'GX460', '2010-2020', 'LEXUS', 'HS250H', '2010-2012', 'LEXUS', 'IS F', '2008-2014', 'LEXUS', 'IS200T', '2016-2017', 'LEXUS', 'IS250', '2006-2015', 'LEXUS', 'IS300', '2016-2020', 'LEXUS', 'IS350', '2006-2020', 'LEXUS', 'LX570', '2008-2020', 'LEXUS', 'NX200T', '2015-2017', 'LEXUS', 'NX300', '2018-2020', 'LEXUS', 'NX300H', '2015-2018', 'LEXUS', 'RX350', '2010-2015', 'LEXUS', 'RX450H', '2010-2015', 'SCION', 'IM', '2016', 'SCION', 'IQ', '2012-2015', 'SCION', 'TC', '2005-2016', 'SCION', 'XB', '2008-2015', 'SCION', 'XD', '2008-2014', 'TOYOTA', '4RUNNER', '2010-2020', 'TOYOTA', 'AVALON', '2013-2020', 'TOYOTA', 'C-HR', '2018-2020', 'TOYOTA', 'CAMRY', '2007-2020', 'TOYOTA', 'CELICA', '1994-1999', 'TOYOTA', 'COROLLA', '1993-2020', 'TOYOTA', 'COROLLA IM', '2017-2018', 'TOYOTA', 'FJ CRUISER', '2007-2014', 'TOYOTA', 'HIGHLANDER', '2001-2020', 'TOYOTA', 'HILUX', '2004-2018', 'TOYOTA', 'LAND CRUISER', '2008-2020', 'TOYOTA', 'MATRIX', '2003-2014', 'TOYOTA', 'PRIUS', '2001-2020', 'TOYOTA', 'PRIUS C', '2012-2020', 'TOYOTA', 'PRIUS PLUG-IN', '2013-2015', 'TOYOTA', 'PRIUS PRIME', '2017-2020', 'TOYOTA', 'PRIUS V', '2012-2018', 'TOYOTA', 'RAV4', '2006-2020', 'TOYOTA', 'SEQUOIA', '2008-2020', 'TOYOTA', 'SIENNA', '2011-2020', 'TOYOTA', 'TACOMA', '2005-2020', 'TOYOTA', 'TUNDRA', '2007-2020', 'TOYOTA', 'VENZA', '2009-2016', 'TOYOTA', 'YARIS', '2006-2019']",924990,LEXUS,"[{""address"":""Acura Almulla, Car Dealer Rd, Kuwait"",""location"":""https://maps.app.goo.gl/J3oPuFs33svZGpK89""}]",images/LEXUS/LEXUS___GS350___3.5L_V6___Door_Hinge___924990___6470.jpg,,15,0,0,,,0,0,none,0,0,1,,Front Left,,,,,,,0,,0,,,0,,,14/08/2024,1,1,Door Hinge,,,,Accepted,500,,LEXUS,2020,GS350,https://www.rockauto.com/info/42/924-990-007__ra_m.jpg
16,"3.5L V6 Body & Lamp Assembly ['LEXUS', 'CT200H', '2011-2015', 'LEXUS', 'ES300H', '2013-2018', 'LEXUS', 'ES350', '2007-2018', 'LEXUS', 'GS F', '2018-2020', 'LEXUS', 'GS200T', '2016-2017', 'LEXUS', 'GS300', '2018-2019', 'LEXUS', 'GS350', '2013-2020', 'LEXUS', 'GS450H', '2014-2018', 'LEXUS', 'GX460', '2010-2023', 'LEXUS', 'HS250H', '2010-2012', 'LEXUS', 'IS F', '2008-2010', 'LEXUS', 'IS200T', '2017', 'LEXUS', 'IS250', '2006-2015', 'LEXUS', 'IS300', '2017-2024', 'LEXUS', 'IS350', '2006-2024', 'LEXUS', 'LX570', '2008-2019', 'LEXUS', 'NX200T', '2015-2016', 'LEXUS', 'NX300', '2018-2021', 'LEXUS', 'NX300H', '2015-2021', 'LEXUS', 'RX330', '2004-2006', 'LEXUS', 'RX350', '2007-2015', 'LEXUS', 'RX450H', '2010-2015', 'SCION', 'IQ', '2012-2015', 'SCION', 'TC', '2005-2015', 'SCION', 'XB', '2008-2015', 'SCION', 'XD', '2008-2013', 'TOYOTA', '4RUNNER', '2011-2024', 'TOYOTA', 'AVALON', '2000-2022', 'TOYOTA', 'C-HR', '2018-2021', 'TOYOTA', 'CAMRY', '2002-2024', 'TOYOTA', 'CELICA', '1994-1998', 'TOYOTA', 'COROLLA', '1993-2022', 'TOYOTA', 'COROLLA IM', '2017-2018', 'TOYOTA', 'FJ CRUISER', '2007-2014', 'TOYOTA', 'HIGHLANDER', '2001-2022', 'TOYOTA', 'HILUX', '2004-2022', 'TOYOTA', 'LAND CRUISER', '2008-2021', 'TOYOTA', 'MATRIX', '2003-2014', 'TOYOTA', 'PRIUS', '2002-2022', 'TOYOTA', 'PRIUS C', '2012-2021', 'TOYOTA', 'PRIUS PLUG-IN', '2013-2015', 'TOYOTA', 'PRIUS PRIME', '2017-2022', 'TOYOTA', 'PRIUS V', '2012-2018', 'TOYOTA', 'RAV4', '2006-2024', 'TOYOTA', 'SEQUOIA', '2009-2022', 'TOYOTA', 'SIENNA', '2011-2020', 'TOYOTA', 'SOLARA', '2004-2008', 'TOYOTA', 'TACOMA', '2005-2023', 'TOYOTA', 'TUNDRA', '2007-2021', 'TOYOTA', 'VENZA', '2009-2015', 'TOYOTA', 'YARIS', '2006-2019']",38470,LEXUS,"[{""address"":""Acura Almulla, Car Dealer Rd, Kuwait"",""location"":""https://maps.app.goo.gl/J3oPuFs33svZGpK89""}]",images/LEXUS/LEXUS___GS350___3.5L_V6___Door_Hinge_Pin___Bushing_Kit___38470___77094.jpg,,6,0,0,,,0,0,none,0,0,1,,Front,,,,,,,0,,0,,,0,,,14/08/2024,1,1,Door Hinge Pin & Bushing Kit,,,,Accepted,500,,LEXUS,2020,GS350,https://www.rockauto.com/info/42/38470-007__ra_m.jpg
16,"3.5L V6 Body & Lamp Assembly ['LEXUS', 'ES300H', '2013-2018', 'LEXUS', 'ES350', '2013-2018', 'LEXUS', 'GS350', '2013-2020', 'LEXUS', 'GS450H', '2013-2018', 'LEXUS', 'GX460', '2010-2023', 'SCION', 'XB', '2008-2015', 'TOYOTA', '4RUNNER', '2010-2023', 'TOYOTA', 'CAMRY', '2007-2017', 'TOYOTA', 'COROLLA', '2009-2013', 'TOYOTA', 'HIGHLANDER', '2008-2013', 'TOYOTA', 'PRIUS V', '2012-2015', 'TOYOTA', 'RAV4', '2013-2018', 'TOYOTA', 'VENZA', '2009-2015']",DLA701,LEXUS,"[{""address"":""Acura Almulla, Car Dealer Rd, Kuwait"",""location"":""https://maps.app.goo.gl/J3oPuFs33svZGpK89""}]",images/LEXUS/LEXUS___GS350___3.5L_V6___Door_Lock_Actuator___DLA701___67437.jpg,,103,0,0,,,0,0,Daily Driver ,0,0,1,,Rear Left,,,,,,,0,,0,,,0,,,14/08/2024,1,1,Door Lock Actuator,,,,Accepted,500,,LEXUS,2020,GS350,https://www.rockauto.com/info/154/DLA701_Front__ra_m.jpg
16,"3.5L V6 Body & Lamp Assembly ['LEXUS', 'ES300H', '2013-2018', 'LEXUS', 'ES350', '2013-2018', 'LEXUS', 'GS350', '2013-2020', 'LEXUS', 'GS450H', '2013-2018', 'LEXUS', 'GX460', '2010-2018', 'SCION', 'XB', '2008-2015', 'TOYOTA', '4RUNNER', '2010-2023', 'TOYOTA', 'CAMRY', '2007-2017', 'TOYOTA', 'COROLLA', '2008-2013', 'TOYOTA', 'HIGHLANDER', '2008-2013', 'TOYOTA', 'PRIUS C', '2012-2019', 'TOYOTA', 'PRIUS V', '2012-2015', 'TOYOTA', 'RAV4', '2013-2018', 'TOYOTA', 'VENZA', '2009-2015']",DLA700,LEXUS,"[{""address"":""Acura Almulla, Car Dealer Rd, Kuwait"",""location"":""https://maps.app.goo.gl/J3oPuFs33svZGpK89""}]",images/LEXUS/LEXUS___GS350___3.5L_V6___Door_Lock_Actuator___DLA700___35013.jpg,,96,0,0,,,0,0,Daily Driver ,0,0,1,,Rear Right,,,,,,,0,,0,,,0,,,14/08/2024,1,1,Door Lock Actuator,,,,Accepted,500,,LEXUS,2020,GS350,https://www.rockauto.com/info/154/DLA700_Front__ra_m.jpg
16,"3.5L V6 Body & Lamp Assembly ['LEXUS', 'CT200H', '2011-2017', 'LEXUS', 'ES300H', '2013-2018', 'LEXUS', 'ES350', '2011-2018', 'LEXUS', 'GS350', '2013-2020', 'LEXUS', 'GS450H', '2013-2018', 'LEXUS', 'GX460', '2010-2023', 'LEXUS', 'HS250H', '2010-2012', 'LEXUS', 'IS250', '2014-2015', 'LEXUS', 'IS350', '2014-2015', 'LEXUS', 'LS460', '2007-2012', 'LEXUS', 'LX570', '2008-2016', 'LEXUS', 'RX350', '2010-2015', 'LEXUS', 'RX450H', '2010-2015', 'SCION', 'IQ', '2012-2015', 'SCION', 'TC', '2011-2016', 'SCION', 'XB', '2008-2015', 'SCION', 'XD', '2008-2012', 'TOYOTA', '4RUNNER', '2010-2019', 'TOYOTA', 'CAMRY', '2007-2017', 'TOYOTA', 'COROLLA', '2009-2014', 'TOYOTA', 'HIGHLANDER', '2008-2013', 'TOYOTA', 'LAND CRUISER', '2008-2021', 'TOYOTA', 'MATRIX', '2013', 'TOYOTA', 'PRIUS C', '2012-2013', 'TOYOTA', 'PRIUS V', '2012-2014', 'TOYOTA', 'RAV4', '2006-2018', 'TOYOTA', 'SEQUOIA', '2008-2022', 'TOYOTA', 'SIENNA', '2011-2014', 'TOYOTA', 'TUNDRA', '2013-2021', 'TOYOTA', 'VENZA', '2009-2015']",DLA796,LEXUS,"[{""address"":""Acura Almulla, Car Dealer Rd, Kuwait"",""location"":""https://maps.app.goo.gl/J3oPuFs33svZGpK89""}]",images/LEXUS/LEXUS___GS350___3.5L_V6___Door_Lock_Actuator___DLA796___87458.jpg,,100,0,0,,,0,0,Daily Driver ,0,0,1,,Front Right,,,,,,,0,,0,,,0,,,14/08/2024,1,1,Door Lock Actuator,,,,Accepted,500,,LEXUS,2020,GS350,https://www.rockauto.com/info/154/DLA-796_Front__ra_m.jpg
16,"3.5L V6 Body & Lamp Assembly ['INFINITI', 'G20', '1999-2002', 'INFINITI', 'I30', '1996-1999', 'INFINITI', 'Q45', '1995-1996', 'LEXUS', 'CT200H', '2011-2015', 'LEXUS', 'ES300', '1999-2000', 'LEXUS', 'ES330', '2004-2006', 'LEXUS', 'GS F', '2018-2020', 'LEXUS', 'GS200T', '2016-2017', 'LEXUS', 'GS300', '2006-2019', 'LEXUS', 'GS350', '2007-2020', 'LEXUS', 'GS430', '2006-2007', 'LEXUS', 'GS450H', '2007-2018', 'LEXUS', 'GS460', '2008-2011', 'LEXUS', 'GX460', '2010-2023', 'LEXUS', 'GX470', '2003-2007', 'LEXUS', 'HS250H', '2010-2012', 'LEXUS', 'LX570', '2017-2019', 'LEXUS', 'LX600', '2022', 'LEXUS', 'NX200T', '2015-2016', 'LEXUS', 'NX300', '2018-2021', 'LEXUS', 'NX300H', '2015-2021', 'LEXUS', 'RX330', '2004-2006', 'LEXUS', 'RX350', '2007-2022', 'LEXUS', 'RX400H', '2006-2007', 'LEXUS', 'RX450H', '2010-2022', 'LEXUS', 'RX450HL', '2022', 'NISSAN', '240SX', '1997-1998', 'NISSAN', 'ALTIMA', '1994-1997', 'NISSAN', 'FRONTIER', '1999-2004', 'NISSAN', 'MAXIMA', '1996-1998', 'SCION', 'IQ', '2012-2015', 'SCION', 'TC', '2005-2015', 'SCION', 'XB', '2004-2015', 'SCION', 'XD', '2008-2013', 'TOYOTA', '4RUNNER', '1990-2023', 'TOYOTA', 'AVALON', '2005-2012', 'TOYOTA', 'CAMRY', '1997-2014', 'TOYOTA', 'CELICA', '2000-2005', 'TOYOTA', 'COROLLA', '1993-2023', 'TOYOTA', 'COROLLA IM', '2017-2018', 'TOYOTA', 'ECHO', '2001-2004', 'TOYOTA', 'HIGHLANDER', '2001-2013', 'TOYOTA', 'MATRIX', '2009-2013', 'TOYOTA', 'MIRAI', '2016-2023', 'TOYOTA', 'MR2 SPYDER', '2000-2005', 'TOYOTA', 'PICKUP', '1989-1995', 'TOYOTA', 'PRIUS', '2002-2022', 'TOYOTA', 'PRIUS C', '2012-2019', 'TOYOTA', 'PRIUS PLUG-IN', '2013-2015', 'TOYOTA', 'PRIUS PRIME', '2017-2022', 'TOYOTA', 'PRIUS V', '2012-2017', 'TOYOTA', 'RAV4', '2002-2012', 'TOYOTA', 'SEQUOIA', '2002-2006', 'TOYOTA', 'SIENNA', '2004-2020', 'TOYOTA', 'SOLARA', '1999-2008', 'TOYOTA', 'TACOMA', '2001-2023', 'TOYOTA', 'TUNDRA', '2000-2006', 'TOYOTA', 'VENZA', '2009-2015', 'TOYOTA', 'YARIS', '2007-2018']",703250,LEXUS,"[{""address"":""Acura Almulla, Car Dealer Rd, Kuwait"",""location"":""https://maps.app.goo.gl/J3oPuFs33svZGpK89""}]",images/LEXUS/LEXUS___GS350___3.5L_V6___Door_Lock_Clip___703250___58968.jpg,,2,0,0,,,0,0,none,0,0,1,,,,,,,,,0,,0,,,0,,,14/08/2024,1,1,Door Lock Clip,,,,Accepted,500,,LEXUS,2020,GS350,https://www.rockauto.com/info/42/703-250-007__ra_m.jpg
16,"3.5L V6 Body & Lamp Assembly ['LEXUS', 'ES350', '2013-2018', 'LEXUS', 'GS200T', '2016-2017', 'LEXUS', 'GS300', '2018-2019', 'LEXUS', 'GS350', '2013-2020', 'LEXUS', 'IS200T', '2016-2017', 'LEXUS', 'IS250', '2014-2015', 'LEXUS', 'IS300', '2016-2020', 'LEXUS', 'IS350', '2014-2020']",LX1803101,LEXUS,"[{""address"":""Acura Almulla, Car Dealer Rd, Kuwait"",""location"":""https://maps.app.goo.gl/J3oPuFs33svZGpK89""}]",,,Out of Stock,0,0,,,0,0,none,0,0,1,,Rear,,,,,,,0,,0,,,0,,,14/08/2024,1,1,Emblem / Decal,,,,Accepted,500,,LEXUS,2020,GS350,
16,"3.5L V6 Body & Lamp Assembly ['LEXUS', 'GS350', '2013-2020']",LX1240128,LEXUS,"[{""address"":""Acura Almulla, Car Dealer Rd, Kuwait"",""location"":""https://maps.app.goo.gl/J3oPuFs33svZGpK89""}]",images/LEXUS/LEXUS___GS350___3.5L_V6___Fender___LX1240128___38089.jpg,,118,0,0,,,0,0,none,0,0,1,,Front Left,,,,,,,0,,0,,,0,,,14/08/2024,1,1,Fender,,,,Accepted,500,,LEXUS,2020,GS350,https://www.rockauto.com/info/69/T2_LX1240128C_Fro__ra_m.jpg
16,"3.5L V6 Body & Lamp Assembly ['LEXUS', 'GS350', '2013-2020']",LX1241128,LEXUS,"[{""address"":""Acura Almulla, Car Dealer Rd, Kuwait"",""location"":""https://maps.app.goo.gl/J3oPuFs33svZGpK89""}]",images/LEXUS/LEXUS___GS350___3.5L_V6___Fender___LX1241128___34793.jpg,,38,0,0,,,0,0,none,0,0,1,,Front Right,,,,,,,0,,0,,,0,,,14/08/2024,1,1,Fender,,,,Accepted,500,,LEXUS,2020,GS350,https://www.rockauto.com/info/69/T2_LX1241128C_Fro__ra_m.jpg
16,"3.5L V6 Body & Lamp Assembly ['LEXUS', 'CT200H', '2014-2017', 'LEXUS', 'ES300H', '2014-2018', 'LEXUS', 'ES350', '2014-2018', 'LEXUS', 'GS200T', '2016-2017', 'LEXUS', 'GS300', '2018-2019', 'LEXUS', 'GS350', '2013-2020', 'LEXUS', 'GS450H', '2013-2018', 'LEXUS', 'IS F', '2014', 'LEXUS', 'IS200T', '2016', 'LEXUS', 'IS250', '2015', 'LEXUS', 'IS300', '2016', 'LEXUS', 'IS350', '2015-2016', 'LEXUS', 'LX570', '2014-2015', 'LEXUS', 'NX200T', '2015-2017', 'LEXUS', 'NX300', '2018-2021', 'LEXUS', 'NX300H', '2015-2021', 'LEXUS', 'RX350', '2014-2019', 'LEXUS', 'RX450H', '2014-2019', 'TOYOTA', '4RUNNER', '2021-2023', 'TOYOTA', 'HIGHLANDER', '2020-2023', 'TOYOTA', 'LAND CRUISER', '2016-2021', 'TOYOTA', 'PRIUS C', '2015-2019', 'TOYOTA', 'RAV4', '2022-2023', 'TOYOTA', 'TUNDRA', '2018']",19611800,LEXUS,"[{""address"":""Acura Almulla, Car Dealer Rd, Kuwait"",""location"":""https://maps.app.goo.gl/J3oPuFs33svZGpK89""}]",images/LEXUS/LEXUS___GS350___3.5L_V6___Fog___Driving_Lamp_Assembly___19611800___23983.jpg,,45,0,0,,,0,0,none,0,0,1,,Left,,,,,,,0,,0,,,0,,,14/08/2024,1,1,Fog / Driving Lamp Assembly,,,,Accepted,500,,LEXUS,2020,GS350,https://www.rockauto.com/info/41/19-6118-00_1__ra_m.jpg
16,"3.5L V6 Body & Lamp Assembly ['LEXUS', 'CT200H', '2014-2017', 'LEXUS', 'ES300H', '2014-2018', 'LEXUS', 'ES350', '2014-2018', 'LEXUS', 'GS200T', '2016-2017', 'LEXUS', 'GS300', '2018-2019', 'LEXUS', 'GS350', '2013-2020', 'LEXUS', 'GS450H', '2013-2018', 'LEXUS', 'IS F', '2014', 'LEXUS', 'IS200T', '2016', 'LEXUS', 'IS250', '2015', 'LEXUS', 'IS300', '2016', 'LEXUS', 'IS350', '2015-2016', 'LEXUS', 'LX570', '2014-2015', 'LEXUS', 'NX200T', '2015-2017', 'LEXUS', 'NX300', '2018-2021', 'LEXUS', 'NX300H', '2015-2021', 'LEXUS', 'RX350', '2014-2019', 'LEXUS', 'RX450H', '2014-2019', 'TOYOTA', '4RUNNER', '2021-2023', 'TOYOTA', 'HIGHLANDER', '2020-2023', 'TOYOTA', 'LAND CRUISER', '2016-2021', 'TOYOTA', 'PRIUS C', '2015-2019', 'TOYOTA', 'RAV4', '2022-2023', 'TOYOTA', 'TUNDRA', '2018']",19611700,LEXUS,"[{""address"":""Acura Almulla, Car Dealer Rd, Kuwait"",""location"":""https://maps.app.goo.gl/J3oPuFs33svZGpK89""}]",images/LEXUS/LEXUS___GS350___3.5L_V6___Fog___Driving_Lamp_Assembly___19611700___9824.jpg,,47,0,0,,,0,0,none,0,0,1,,Right,,,,,,,0,,0,,,0,,,14/08/2024,1,1,Fog / Driving Lamp Assembly,,,,Accepted,500,,LEXUS,2020,GS350,https://www.rockauto.com/info/41/19-6117-00_1__ra_m.jpg
16,"3.5L V6 Body & Lamp Assembly ['LEXUS', 'GS200T', '2016-2017', 'LEXUS', 'GS300', '2018-2019', 'LEXUS', 'GS350', '2016-2020', 'LEXUS', 'GS450H', '2016-2018']",LX1038132,LEXUS,"[{""address"":""Acura Almulla, Car Dealer Rd, Kuwait"",""location"":""https://maps.app.goo.gl/J3oPuFs33svZGpK89""}]",images/LEXUS/LEXUS___GS350___3.5L_V6___Fog_Lamp_Bezel___LX1038132___51268.jpg,,Out of Stock,0,0,,,0,0,none,0,0,1,,Front Left,,,,,,,0,,0,,,0,,,14/08/2024,1,1,Fog Lamp Bezel,,,,Accepted,500,,LEXUS,2020,GS350,https://www.rockauto.com/info/69/LX1038132__ra_m.jpg
16,"3.5L V6 Body & Lamp Assembly ['LEXUS', 'GS200T', '2016-2017', 'LEXUS', 'GS300', '2018-2019', 'LEXUS', 'GS350', '2016-2020', 'LEXUS', 'GS450H', '2016-2018']",LX1039132,LEXUS,"[{""address"":""Acura Almulla, Car Dealer Rd, Kuwait"",""location"":""https://maps.app.goo.gl/J3oPuFs33svZGpK89""}]",images/LEXUS/LEXUS___GS350___3.5L_V6___Fog_Lamp_Bezel___LX1039132___62117.jpg,,Out of Stock,0,0,,,0,0,none,0,0,1,,Front Right,,,,,,,0,,0,,,0,,,14/08/2024,1,1,Fog Lamp Bezel,,,,Accepted,500,,LEXUS,2020,GS350,https://www.rockauto.com/info/69/LX1039132__ra_m.jpg
16,"3.5L V6 Body & Lamp Assembly ['LEXUS', 'GS200T', '2016-2017', 'LEXUS', 'GS300', '2018-2019', 'LEXUS', 'GS350', '2016-2020', 'LEXUS', 'GS450H', '2016-2018']",LX1224125,LEXUS,"[{""address"":""Acura Almulla, Car Dealer Rd, Kuwait"",""location"":""https://maps.app.goo.gl/J3oPuFs33svZGpK89""}]",images/LEXUS/LEXUS___GS350___3.5L_V6___Front_Panel_Molding___Radiator_Cover___LX1224125___25275.jpg,,25,0,0,,,0,0,none,0,0,1,,Front Right,,,,,,,0,,0,,,0,,,14/08/2024,1,1,Front Panel Molding / Radiator Cover,,,,Accepted,500,,LEXUS,2020,GS350,https://www.rockauto.com/info/69/T2_LX1224125_Fro__ra_m.jpg
16,"3.5L V6 Body & Lamp Assembly ['LEXUS', 'GS200T', '2016-2017', 'LEXUS', 'GS300', '2018-2019', 'LEXUS', 'GS350', '2016-2020', 'LEXUS', 'GS450H', '2016-2018']",LX1224114,LEXUS,"[{""address"":""Acura Almulla, Car Dealer Rd, Kuwait"",""location"":""https://maps.app.goo.gl/J3oPuFs33svZGpK89""}]",images/LEXUS/LEXUS___GS350___3.5L_V6___Front_Panel_Molding___Radiator_Cover___LX1224114___45538.jpg,,66,0,0,,,0,0,none,0,0,1,,Front,,,,,,,0,,0,,,0,,,14/08/2024,1,1,Front Panel Molding / Radiator Cover,,,,Accepted,500,,LEXUS,2020,GS350,https://www.rockauto.com/info/69/T2_LX1224114_Fro__ra_m.jpg
16,"3.5L V6 Body & Lamp Assembly ['LEXUS', 'GS200T', '2016-2017', 'LEXUS', 'GS300', '2018-2019', 'LEXUS', 'GS350', '2016-2020']",LX1224126,LEXUS,"[{""address"":""Acura Almulla, Car Dealer Rd, Kuwait"",""location"":""https://maps.app.goo.gl/J3oPuFs33svZGpK89""}]",images/LEXUS/LEXUS___GS350___3.5L_V6___Front_Panel_Molding___Radiator_Cover___LX1224126___38460.jpg,,Out of Stock,0,0,,,0,0,none,0,0,1,,Front Left,,,,,,,0,,0,,,0,,,14/08/2024,1,1,Front Panel Molding / Radiator Cover,,,,Accepted,500,,LEXUS,2020,GS350,https://www.rockauto.com/info/69/T2_LX1224125_Fro__ra_m.jpg
16,"3.5L V6 Body & Lamp Assembly ['LEXUS', 'GS200T', '2016-2017', 'LEXUS', 'GS350', '2016-2020', 'LEXUS', 'GS450H', '2016-2018']",LX1200188,LEXUS,"[{""address"":""Acura Almulla, Car Dealer Rd, Kuwait"",""location"":""https://maps.app.goo.gl/J3oPuFs33svZGpK89""}]",images/LEXUS/LEXUS___GS350___3.5L_V6___Grille___LX1200188___485.jpg,,242,0,0,,,0,0,none,0,0,1,,,,,,,,,0,,0,,,0,,,14/08/2024,1,1,Grille,,,,Accepted,500,,LEXUS,2020,GS350,https://www.rockauto.com/info/69/T2_LX1200188C_Fro__ra_m.jpg
16,"3.5L V6 Body & Lamp Assembly ['LEXUS', 'GS200T', '2016-2017', 'LEXUS', 'GS350', '2016-2020', 'LEXUS', 'GS450H', '2016-2018']",LX1212103,LEXUS,"[{""address"":""Acura Almulla, Car Dealer Rd, Kuwait"",""location"":""https://maps.app.goo.gl/J3oPuFs33svZGpK89""}]",images/LEXUS/LEXUS___GS350___3.5L_V6___Grille_Molding___LX1212103___72891.jpg,,28,0,0,,,0,0,none,0,0,1,,Left,,,,,,,0,,0,,,0,,,14/08/2024,1,1,Grille Molding,,,,Accepted,500,,LEXUS,2020,GS350,https://www.rockauto.com/info/69/T2_LX1212103_Fro__ra_m.jpg
16,"3.5L V6 Body & Lamp Assembly ['LEXUS', 'GS200T', '2016-2017', 'LEXUS', 'GS350', '2016-2020', 'LEXUS', 'GS450H', '2016-2018']",LX1213103,LEXUS,"[{""address"":""Acura Almulla, Car Dealer Rd, Kuwait"",""location"":""https://maps.app.goo.gl/J3oPuFs33svZGpK89""}]",images/LEXUS/LEXUS___GS350___3.5L_V6___Grille_Molding___LX1213103___81710.jpg,,Out of Stock,0,0,,,0,0,none,0,0,1,,Right,,,,,,,0,,0,,,0,,,14/08/2024,1,1,Grille Molding,,,,Accepted,500,,LEXUS,2020,GS350,https://www.rockauto.com/info/69/T2_LX1213103_Fro__ra_m.jpg
16,"3.5L V6 Body & Lamp Assembly ['LEXUS', 'GS200T', '2016-2017', 'LEXUS', 'GS350', '2016-2020', 'LEXUS', 'GS450H', '2016-2018']",LX1216103,LEXUS,"[{""address"":""Acura Almulla, Car Dealer Rd, Kuwait"",""location"":""https://maps.app.goo.gl/J3oPuFs33svZGpK89""}]",images/LEXUS/LEXUS___GS350___3.5L_V6___Grille_Molding___LX1216103___65574.jpg,,Out of Stock,0,0,,,0,0,none,0,0,1,,,,,,,,,0,,0,,,0,,,14/08/2024,1,1,Grille Molding,,,,Accepted,500,,LEXUS,2020,GS350,https://www.rockauto.com/info/69/LX1216103__ra_m.jpg
16,"3.5L V6 Body & Lamp Assembly ['LEXUS', 'GS200T', '2016-2017', 'LEXUS', 'GS300', '2018-2019', 'LEXUS', 'GS350', '2016-2020', 'LEXUS', 'GS450H', '2016-2018']",LX2502182,LEXUS,"[{""address"":""Acura Almulla, Car Dealer Rd, Kuwait"",""location"":""https://maps.app.goo.gl/J3oPuFs33svZGpK89""}]",,,Out of Stock,0,0,,,0,0,none,0,0,1,,Left,,,,,,,0,,0,,,0,,,14/08/2024,1,1,Headlamp Assembly,,,,Accepted,500,,LEXUS,2020,GS350,
16,"3.5L V6 Body & Lamp Assembly ['LEXUS', 'GS200T', '2016-2017', 'LEXUS', 'GS300', '2018-2019', 'LEXUS', 'GS350', '2016-2020', 'LEXUS', 'GS450H', '2016-2018']",LX2503182,LEXUS,"[{""address"":""Acura Almulla, Car Dealer Rd, Kuwait"",""location"":""https://maps.app.goo.gl/J3oPuFs33svZGpK89""}]",,,Out of Stock,0,0,,,0,0,none,0,0,1,,Right,,,,,,,0,,0,,,0,,,14/08/2024,1,1,Headlamp Assembly,,,,Accepted,500,,LEXUS,2020,GS350,
16,"3.5L V6 Body & Lamp Assembly ['LEXUS', 'GS200T', '2016-2017', 'LEXUS', 'GS300', '2018-2019', 'LEXUS', 'GS350', '2016-2020', 'LEXUS', 'GS450H', '2016-2018']",LX2508106,LEXUS,"[{""address"":""Acura Almulla, Car Dealer Rd, Kuwait"",""location"":""https://maps.app.goo.gl/J3oPuFs33svZGpK89""}]",,,Out of Stock,0,0,,,0,0,none,0,0,1,,Left,,,,,,,0,,0,,,0,,,14/08/2024,1,1,Headlamp Bracket,,,,Accepted,500,,LEXUS,2020,GS350,
16,"3.5L V6 Body & Lamp Assembly ['LEXUS', 'GS200T', '2016-2017', 'LEXUS', 'GS300', '2018-2019', 'LEXUS', 'GS350', '2016-2020', 'LEXUS', 'GS450H', '2016-2018']",LX2509106,LEXUS,"[{""address"":""Acura Almulla, Car Dealer Rd, Kuwait"",""location"":""https://maps.app.goo.gl/J3oPuFs33svZGpK89""}]",,,Out of Stock,0,0,,,0,0,none,0,0,1,,Right,,,,,,,0,,0,,,0,,,14/08/2024,1,1,Headlamp Bracket,,,,Accepted,500,,LEXUS,2020,GS350,
16,"3.5L V6 Body & Lamp Assembly ['LEXUS', 'GS200T', '2016-2017', 'LEXUS', 'GS300', '2018-2019', 'LEXUS', 'GS350', '2016-2020', 'LEXUS', 'GS450H', '2016-2018']",LX2510101,LEXUS,"[{""address"":""Acura Almulla, Car Dealer Rd, Kuwait"",""location"":""https://maps.app.goo.gl/J3oPuFs33svZGpK89""}]",,,Out of Stock,0,0,,,0,0,none,0,0,1,,Left,,,,,,,0,,0,,,0,,,14/08/2024,1,1,Headlamp Door / Bezel,,,,Accepted,500,,LEXUS,2020,GS350,
16,"3.5L V6 Body & Lamp Assembly ['LEXUS', 'GS200T', '2016-2017', 'LEXUS', 'GS300', '2018-2019', 'LEXUS', 'GS350', '2016-2020', 'LEXUS', 'GS450H', '2016-2018']",LX2511101,LEXUS,"[{""address"":""Acura Almulla, Car Dealer Rd, Kuwait"",""location"":""https://maps.app.goo.gl/J3oPuFs33svZGpK89""}]",,,Out of Stock,0,0,,,0,0,none,0,0,1,,Right,,,,,,,0,,0,,,0,,,14/08/2024,1,1,Headlamp Door / Bezel,,,,Accepted,500,,LEXUS,2020,GS350,
16,"3.5L V6 Body & Lamp Assembly ['LEXUS', 'GS F', '2016-2020', 'LEXUS', 'GS350', '2013-2020', 'LEXUS', 'GS450H', '2013-2018', 'LEXUS', 'IS300', '2016-2023', 'LEXUS', 'IS350', '2014-2023', 'LEXUS', 'RC300', '2016-2023', 'LEXUS', 'RC350', '2015-2023']",LSH137,LEXUS,"[{""address"":""Acura Almulla, Car Dealer Rd, Kuwait"",""location"":""https://maps.app.goo.gl/J3oPuFs33svZGpK89""}]",images/LEXUS/LEXUS___GS350___3.5L_V6___Headlamp_Level_Sensor___LSH137___90358.jpg,,136,0,0,,,0,0,none,0,0,1,,Rear Left,,,,,,,0,,0,,,0,,,14/08/2024,1,1,Headlamp Level Sensor,,,,Accepted,500,,LEXUS,2020,GS350,https://www.rockauto.com/info/154/LSH137_Front__ra_m.jpg
16,"3.5L V6 Body & Lamp Assembly ['LEXUS', 'GS350', '2013-2020', 'LEXUS', 'GS450H', '2013-2018']",LX1230127,LEXUS,"[{""address"":""Acura Almulla, Car Dealer Rd, Kuwait"",""location"":""https://maps.app.goo.gl/J3oPuFs33svZGpK89""}]",images/LEXUS/LEXUS___GS350___3.5L_V6___Hood___LX1230127___28799.jpg,,352,0,0,,,0,0,none,0,0,1,,,,,,,,,0,,0,,,0,,,14/08/2024,1,1,Hood,,,,Accepted,500,,LEXUS,2020,GS350,https://www.rockauto.com/info/69/LX1230127__ra_m.jpg
16,"3.5L V6 Body & Lamp Assembly ['LEXUS', 'GS200T', '2016-2017', 'LEXUS', 'GS300', '2018-2019', 'LEXUS', 'GS350', '2016-2020', 'LEXUS', 'GS450H', '2016-2018']",LX1249146,LEXUS,"[{""address"":""Acura Almulla, Car Dealer Rd, Kuwait"",""location"":""https://maps.app.goo.gl/J3oPuFs33svZGpK89""}]",images/LEXUS/LEXUS___GS350___3.5L_V6___Inner_Fender___LX1249146___51468.jpg,,30,0,0,,,0,0,none,0,0,1,,Right,,,,,,,0,,0,,,0,,,14/08/2024,1,1,Inner Fender,,,,Accepted,500,,LEXUS,2020,GS350,https://www.rockauto.com/info/69/LX1249146__ra_m.jpg
16,"3.5L V6 Body & Lamp Assembly ['LEXUS', 'GS200T', '2016-2017', 'LEXUS', 'GS300', '2018-2019', 'LEXUS', 'GS350', '2016-2020', 'LEXUS', 'GS450H', '2016-2018']",LX1248146,LEXUS,"[{""address"":""Acura Almulla, Car Dealer Rd, Kuwait"",""location"":""https://maps.app.goo.gl/J3oPuFs33svZGpK89""}]",images/LEXUS/LEXUS___GS350___3.5L_V6___Inner_Fender___LX1248146___70088.jpg,,Out of Stock,0,0,,,0,0,none,0,0,1,,Left,,,,,,,0,,0,,,0,,,14/08/2024,1,1,Inner Fender,,,,Accepted,500,,LEXUS,2020,GS350,https://www.rockauto.com/info/69/LX1248146__ra_m.jpg
16,"3.5L V6 Body & Lamp Assembly ['LEXUS', 'GS200T', '2016-2017', 'LEXUS', 'GS350', '2016-2020', 'LEXUS', 'GS450H', '2016-2018']",LX1068124,LEXUS,"[{""address"":""Acura Almulla, Car Dealer Rd, Kuwait"",""location"":""https://maps.app.goo.gl/J3oPuFs33svZGpK89""}]",images/LEXUS/LEXUS___GS350___3.5L_V6___License_Plate_Bracket___LX1068124___23639.jpg,,Out of Stock,0,0,,,0,0,none,0,0,1,,Front,,,,,,,0,,0,,,0,,,14/08/2024,1,1,License Plate Bracket,,,,Accepted,500,,LEXUS,2020,GS350,https://www.rockauto.com/info/69/LX1068124__ra_m.jpg
16,"3.5L V6 Body & Lamp Assembly ['LEXUS', 'GS F', '2016-2020', 'LEXUS', 'GS200T', '2016-2017', 'LEXUS', 'GS300', '2018-2019', 'LEXUS', 'GS350', '2013-2020', 'LEXUS', 'GS450H', '2013-2018']",4B803785,LEXUS,"[{""address"":""Acura Almulla, Car Dealer Rd, Kuwait"",""location"":""https://maps.app.goo.gl/J3oPuFs33svZGpK89""}]",images/LEXUS/LEXUS___GS350___3.5L_V6___Lift_Support___4B803785___71226.jpg,,8,0,0,,,0,0,none,0,0,1,,,,,,,,,0,,0,,,0,,,14/08/2024,1,1,Lift Support,,,,Accepted,500,,LEXUS,2020,GS350,https://www.rockauto.com/info/1125/Pic23__ra_m.jpg
16,"3.5L V6 Body & Lamp Assembly ['LEXUS', 'GS200T', '2016-2017', 'LEXUS', 'GS300', '2018-2019', 'LEXUS', 'GS350', '2013-2020', 'LEXUS', 'GS450H', '2013-2018']",LX1320143,LEXUS,"[{""address"":""Acura Almulla, Car Dealer Rd, Kuwait"",""location"":""https://maps.app.goo.gl/J3oPuFs33svZGpK89""}]",images/LEXUS/LEXUS___GS350___3.5L_V6___Outside_Mirror___Glass_Assembly___LX1320143___82957.jpg,,78,0,0,,,0,0,none,0,0,1,,Left,,,,,,,0,,0,,,0,,,14/08/2024,1,1,Outside Mirror & Glass Assembly,,,,Accepted,500,,LEXUS,2020,GS350,https://www.rockauto.com/info/69/6212632__ra_m.jpg
16,"3.5L V6 Body & Lamp Assembly ['LEXUS', 'GS200T', '2016-2017', 'LEXUS', 'GS300', '2018-2019', 'LEXUS', 'GS350', '2013-2020', 'LEXUS', 'GS450H', '2013-2018']",LX1321143,LEXUS,"[{""address"":""Acura Almulla, Car Dealer Rd, Kuwait"",""location"":""https://maps.app.goo.gl/J3oPuFs33svZGpK89""}]",images/LEXUS/LEXUS___GS350___3.5L_V6___Outside_Mirror___Glass_Assembly___LX1321143___64150.jpg,,78,0,0,,,0,0,none,0,0,1,,Right,,,,,,,0,,0,,,0,,,14/08/2024,1,1,Outside Mirror & Glass Assembly,,,,Accepted,500,,LEXUS,2020,GS350,https://www.rockauto.com/info/69/6212631__ra_m.jpg
16,"3.5L V6 Body & Lamp Assembly ['LEXUS', 'ES300H', '2013-2018', 'LEXUS', 'ES350', '2013-2018', 'LEXUS', 'GS F', '2016-2020', 'LEXUS', 'GS200T', '2016-2017', 'LEXUS', 'GS300', '2018-2019', 'LEXUS', 'GS350', '2013-2020', 'LEXUS', 'GS450H', '2013-2018', 'LEXUS', 'IS200T', '2016-2017', 'LEXUS', 'IS250', '2014-2015', 'LEXUS', 'IS300', '2016-2020', 'LEXUS', 'IS350', '2014-2020', 'LEXUS', 'LS460', '2013-2017', 'LEXUS', 'LS600H', '2013-2016', 'LEXUS', 'RC F', '2015-2019', 'LEXUS', 'RC200T', '2016-2017', 'LEXUS', 'RC300', '2016-2019', 'LEXUS', 'RC350', '2015-2019']",4465B,LEXUS,"[{""address"":""Acura Almulla, Car Dealer Rd, Kuwait"",""location"":""https://maps.app.goo.gl/J3oPuFs33svZGpK89""}]",images/LEXUS/LEXUS___GS350___3.5L_V6___Outside_Mirror_Glass___4465B___51802.jpg,,18,0,0,,,0,0,none,0,0,1,,Left,,,,,,,0,,0,,,0,,,14/08/2024,1,1,Outside Mirror Glass,,,,Accepted,500,,LEXUS,2020,GS350,https://www.rockauto.com/info/1123/4465B_FRONT__ra_m.jpg
16,"3.5L V6 Body & Lamp Assembly ['LEXUS', 'ES300H', '2013-2018', 'LEXUS', 'ES350', '2013-2018', 'LEXUS', 'GS F', '2016-2020', 'LEXUS', 'GS200T', '2016-2017', 'LEXUS', 'GS300', '2018-2019', 'LEXUS', 'GS350', '2013-2020', 'LEXUS', 'GS450H', '2013-2018', 'LEXUS', 'IS200T', '2016-2017', 'LEXUS', 'IS250', '2014-2015', 'LEXUS', 'IS300', '2016-2020', 'LEXUS', 'IS350', '2014-2020', 'LEXUS', 'LS460', '2013-2017', 'LEXUS', 'LS600H', '2013-2016', 'LEXUS', 'RC F', '2015-2019', 'LEXUS', 'RC200T', '2016-2017', 'LEXUS', 'RC300', '2016-2019', 'LEXUS', 'RC350', '2015-2019']",5515B,LEXUS,"[{""address"":""Acura Almulla, Car Dealer Rd, Kuwait"",""location"":""https://maps.app.goo.gl/J3oPuFs33svZGpK89""}]",images/LEXUS/LEXUS___GS350___3.5L_V6___Outside_Mirror_Glass___5515B___37854.jpg,,18,0,0,,,0,0,none,0,0,1,,Right,,,,,,,0,,0,,,0,,,14/08/2024,1,1,Outside Mirror Glass,,,,Accepted,500,,LEXUS,2020,GS350,https://www.rockauto.com/info/1123/5515B__ra_m.jpg
16,"3.5L V6 Body & Lamp Assembly ['LEXUS', 'GS350', '2013-2020', 'LEXUS', 'GS450H', '2013-2018', 'LEXUS', 'RC350', '2015-2021']",LX1225146,LEXUS,"[{""address"":""Acura Almulla, Car Dealer Rd, Kuwait"",""location"":""https://maps.app.goo.gl/J3oPuFs33svZGpK89""}]",,,51,0,0,,,0,0,none,0,0,1,,,,,,,,,0,,0,,,0,,,14/08/2024,1,1,Radiator Support,,,,Accepted,500,,LEXUS,2020,GS350,
16,"3.5L V6 Body & Lamp Assembly ['LEXUS', 'GS350', '2013-2020']",LX1185101,LEXUS,"[{""address"":""Acura Almulla, Car Dealer Rd, Kuwait"",""location"":""https://maps.app.goo.gl/J3oPuFs33svZGpK89""}]",images/LEXUS/LEXUS___GS350___3.5L_V6___Reflector___LX1185101___1930.jpg,,14,0,0,,,0,0,none,0,0,1,,Rear Right,,,,,,,0,,0,,,0,,,14/08/2024,1,1,Reflector,,,,Accepted,500,,LEXUS,2020,GS350,https://www.rockauto.com/info/69/6223371__ra_m.jpg
16,"3.5L V6 Body & Lamp Assembly ['LEXUS', 'GS350', '2013-2020']",LX1184101,LEXUS,"[{""address"":""Acura Almulla, Car Dealer Rd, Kuwait"",""location"":""https://maps.app.goo.gl/J3oPuFs33svZGpK89""}]",images/LEXUS/LEXUS___GS350___3.5L_V6___Reflector___LX1184101___88755.jpg,,14,0,0,,,0,0,none,0,0,1,,Rear Left,,,,,,,0,,0,,,0,,,14/08/2024,1,1,Reflector,,,,Accepted,500,,LEXUS,2020,GS350,https://www.rockauto.com/info/69/6223372__ra_m.jpg
16,"3.5L V6 Body & Lamp Assembly ['LEXUS', 'CT200H', '2011-2017', 'LEXUS', 'ES250', '2021-2022', 'LEXUS', 'ES300H', '2013-2021', 'LEXUS', 'ES350', '2013-2022', 'LEXUS', 'GS F', '2016-2020', 'LEXUS', 'GS200T', '2016-2017', 'LEXUS', 'GS350', '2013-2020', 'LEXUS', 'GS450H', '2013-2018', 'LEXUS', 'HS250H', '2010-2012', 'LEXUS', 'IS200T', '2016-2017', 'LEXUS', 'IS250', '2014-2015', 'LEXUS', 'IS300', '2018-2022', 'LEXUS', 'IS350', '2014-2022', 'LEXUS', 'LC500', '2018-2022', 'LEXUS', 'LC500H', '2018-2022', 'LEXUS', 'LS460', '2010-2017', 'LEXUS', 'LS500', '2018-2022', 'LEXUS', 'LS500H', '2018-2022', 'LEXUS', 'LS600H', '2010-2016', 'LEXUS', 'LX570', '2010-2016', 'LEXUS', 'RC F', '2015-2022', 'LEXUS', 'RC200T', '2016', 'LEXUS', 'RC300', '2016-2022', 'LEXUS', 'RC350', '2015-2022', 'LEXUS', 'RX350', '2011-2019', 'LEXUS', 'RX450H', '2011-2022', 'LEXUS', 'RX450HL', '2021-2022', 'LEXUS', 'UX200', '2019-2022', 'LEXUS', 'UX250H', '2019-2022', 'TOYOTA', 'AVALON', '2013-2021', 'TOYOTA', 'CAMRY', '2012-2021', 'TOYOTA', 'COROLLA', '2014-2021', 'TOYOTA', 'HIGHLANDER', '2014-2021', 'TOYOTA', 'RAV4', '2019-2021', 'TOYOTA', 'SIENNA', '2011-2021', 'TOYOTA', 'VENZA', '2009-2016']",963134D,LEXUS,"[{""address"":""Acura Almulla, Car Dealer Rd, Kuwait"",""location"":""https://maps.app.goo.gl/J3oPuFs33svZGpK89""}]",images/LEXUS/LEXUS___GS350___3.5L_V6___Retainer___Clip___963134D___58700.jpg,,3,0,0,,,0,0,none,0,0,1,,Front,,,,,,,0,,0,,,0,,,14/08/2024,1,1,Retainer / Clip,,,,Accepted,500,,LEXUS,2020,GS350,https://www.rockauto.com/info/42/963-134D-007__ra_m.jpg
16,"3.5L V6 Body & Lamp Assembly ['LEXUS', 'GS300', '2018-2019', 'LEXUS', 'GS350', '2013-2020']",11366,LEXUS,"[{""address"":""Acura Almulla, Car Dealer Rd, Kuwait"",""location"":""https://maps.app.goo.gl/J3oPuFs33svZGpK89""}]",images/LEXUS/LEXUS___GS350___3.5L_V6___Trailer_Hitch___11366___74275.jpg,,Out of Stock,0,0,,,0,0,none,0,0,1,,Rear,,,,,,,0,,0,,,0,,,14/08/2024,1,1,Trailer Hitch,,,,Accepted,500,,LEXUS,2020,GS350,https://www.rockauto.com/info/228/11366_3008x1990_a__ra_m.jpg
16,"3.5L V6 Body & Lamp Assembly ['ACURA', '1991-2018', 'AUDI', '1980-2020', 'BMW', '1978-2020', 'BUICK', '1971-2020', 'CADILLAC', '1993-2020', 'CHEVROLET', '1975-2020', 'CHRYSLER', '1986-2019', 'DAEWOO', '2000', 'DAIHATSU', '1992', 'DODGE', '1985-2019', 'EAGLE', '1990-1996', 'FIAT', '2012-2014', 'FORD', '1980-2020', 'GENESIS', '2019', 'GEO', '1990-1995', 'GMC', '1984-2014', 'HONDA', '1985-2019', 'HYUNDAI', '1989-2019', 'INFINITI', '1990-2019', 'ISUZU', '1988-1999', 'JAGUAR', '1977-2008', 'JEEP', '1987-2019', 'KIA', '1996-2020', 'LEXUS', '1990-2020', 'LINCOLN', '1981-2019', 'MAZDA', '1984-2017', 'MERCEDES-BENZ', '1974-2018', 'MERCURY', '1981-2011', 'MINI', '2007-2019', 'MITSUBISHI', '1986-2020', 'NISSAN', '1980-2020', 'OLDSMOBILE', '1978-2003', 'PEUGEOT', '1983-1987', 'PLYMOUTH', '1984-2000', 'PONTIAC', '1978-2010', 'PORSCHE', '1979-1998', 'RAM', '2015', 'SAAB', '1981-2010', 'SATURN', '1993-2010', 'SCION', '2006-2013', 'SMART', '2014-2015', 'SUBARU', '1985-2019', 'SUZUKI', '1986-2013', 'TESLA', '2019', 'TOYOTA', '1979-2019', 'VOLKSWAGEN', '1973-2019', 'VOLVO', '1975-2016']",45148,LEXUS,"[{""address"":""Acura Almulla, Car Dealer Rd, Kuwait"",""location"":""https://maps.app.goo.gl/J3oPuFs33svZGpK89""}]",images/LEXUS/LEXUS___GS350___3.5L_V6___Trailer_Hitch_Ball___Mount_Kit___45148___27414.jpg,,21,0,0,,,0,0,none,0,0,1,,,,,,,,,0,,0,,,0,,,14/08/2024,1,1,Trailer Hitch Ball & Mount Kit,,,,Accepted,500,,LEXUS,2020,GS350,https://www.rockauto.com/info/228/45148_3008x1990_a__ra_m.jpg
16,"3.5L V6 Body & Lamp Assembly ['LEXUS', 'CT200H', '2013-2017', 'LEXUS', 'ES300H', '2013-2018', 'LEXUS', 'ES350', '2007-2018', 'LEXUS', 'GS F', '2016-2020', 'LEXUS', 'GS200T', '2016-2017', 'LEXUS', 'GS300', '2018-2019', 'LEXUS', 'GS350', '2013-2020', 'LEXUS', 'GS450H', '2013-2018', 'LEXUS', 'GX460', '2013-2021', 'LEXUS', 'HS250H', '2012', 'LEXUS', 'IS250', '2010-2015', 'LEXUS', 'IS350', '2010-2015', 'LEXUS', 'LS460', '2007-2008', 'LEXUS', 'LX570', '2008-2016', 'LEXUS', 'RX350', '2010-2015', 'LEXUS', 'RX450H', '2010-2015', 'SCION', 'IM', '2016', 'SCION', 'IQ', '2012-2015', 'SCION', 'TC', '2013-2016', 'SCION', 'XB', '2008-2015', 'SCION', 'XD', '2008-2012', 'TOYOTA', '4RUNNER', '2012-2021', 'TOYOTA', 'CAMRY', '2007-2010', 'TOYOTA', 'COROLLA', '2009-2013', 'TOYOTA', 'COROLLA IM', '2017-2018', 'TOYOTA', 'HIGHLANDER', '2008-2013', 'TOYOTA', 'LAND CRUISER', '2008-2021', 'TOYOTA', 'PRIUS C', '2012', 'TOYOTA', 'PRIUS V', '2013-2015', 'TOYOTA', 'RAV4', '2007-2018']",A70850633,LEXUS,"[{""address"":""Acura Almulla, Car Dealer Rd, Kuwait"",""location"":""https://maps.app.goo.gl/J3oPuFs33svZGpK89""}]",images/LEXUS/LEXUS___GS350___3.5L_V6___Trunk_Lock_Cylinder___A70850633___39036.jpg,,175,0,0,,,0,0,none,0,0,1,,Front Left,,,,,,,0,,0,,,0,,,14/08/2024,1,1,Trunk Lock Cylinder,,,,Accepted,500,,LEXUS,2020,GS350,https://www.rockauto.com/info/1202/A70-85-0633_02__ra_m.jpg
16,"3.5L V6 Brake & Wheel Hub ['LEXUS', 'GS350', '2013-2020', 'LEXUS', 'IS300', '2016-2017', 'LEXUS', 'RC300', '2016-2017']",ALS2614,LEXUS,"[{""address"":""Acura Almulla, Car Dealer Rd, Kuwait"",""location"":""https://maps.app.goo.gl/J3oPuFs33svZGpK89""}]",images/LEXUS/LEXUS___GS350___3.5L_V6___ABS_Wheel_Speed_Sensor___ALS2614___84633.jpg,,128,0,0,,,0,0,none,0,0,1,,Rear Right,,,,,,,0,,0,,,0,,,14/08/2024,1,1,ABS Wheel Speed Sensor,,,,Accepted,500,,LEXUS,2020,GS350,https://www.rockauto.com/info/154/ALS2614_Angle__ra_m.jpg
16,"3.5L V6 Brake & Wheel Hub ['LEXUS', 'GS350', '2013-2020', 'LEXUS', 'IS300', '2016-2017', 'LEXUS', 'RC300', '2016-2017']",ALS2613,LEXUS,"[{""address"":""Acura Almulla, Car Dealer Rd, Kuwait"",""location"":""https://maps.app.goo.gl/J3oPuFs33svZGpK89""}]",images/LEXUS/LEXUS___GS350___3.5L_V6___ABS_Wheel_Speed_Sensor___ALS2613___6335.jpg,,134,0,0,,,0,0,none,0,0,1,,Rear Left,,,,,,,0,,0,,,0,,,14/08/2024,1,1,ABS Wheel Speed Sensor,,,,Accepted,500,,LEXUS,2020,GS350,https://www.rockauto.com/info/154/ALS2613_Angle__ra_m.jpg
16,"3.5L V6 Brake & Wheel Hub ['LEXUS', 'CT200H', '2011-2017', 'LEXUS', 'ES250', '2021-2022', 'LEXUS', 'ES300H', '2013-2022', 'LEXUS', 'ES350', '2015-2022', 'LEXUS', 'GS F', '2016-2020', 'LEXUS', 'GS200T', '2016-2017', 'LEXUS', 'GS300', '2018-2019', 'LEXUS', 'GS350', '2013-2020', 'LEXUS', 'GS450H', '2015-2018', 'LEXUS', 'GX460', '2018-2022', 'LEXUS', 'IS300', '2016-2022', 'LEXUS', 'IS350', '2006-2021', 'LEXUS', 'LC500', '2018-2021', 'LEXUS', 'LC500H', '2018-2021', 'LEXUS', 'LS460', '2016-2017', 'LEXUS', 'LS500', '2018-2021', 'LEXUS', 'LS500H', '2018-2021', 'LEXUS', 'LX570', '2018-2021', 'LEXUS', 'NX200T', '2015-2017', 'LEXUS', 'NX300', '2018-2021', 'LEXUS', 'NX300H', '2015-2021', 'LEXUS', 'RC F', '2015-2021', 'LEXUS', 'RC200T', '2016-2017', 'LEXUS', 'RC300', '2016-2020', 'LEXUS', 'RC350', '2016-2021', 'LEXUS', 'RX350', '2016-2020', 'LEXUS', 'RX450H', '2016-2021', 'LEXUS', 'RX450HL', '2021', 'LEXUS', 'UX200', '2019-2020', 'LEXUS', 'UX250H', '2019-2020', 'SCION', 'IM', '2016', 'TOYOTA', 'AVALON', '2008-2022', 'TOYOTA', 'C-HR', '2018-2022', 'TOYOTA', 'CAMRY', '2007-2022', 'TOYOTA', 'COROLLA', '2015-2022', 'TOYOTA', 'COROLLA CROSS', '2022', 'TOYOTA', 'COROLLA IM', '2017-2018', 'TOYOTA', 'PRIUS', '2012-2022', 'TOYOTA', 'PRIUS C', '2013-2016', 'TOYOTA', 'PRIUS PLUG-IN', '2013-2015', 'TOYOTA', 'PRIUS PRIME', '2017-2022', 'TOYOTA', 'PRIUS V', '2013-2017', 'TOYOTA', 'RAV4', '2016-2022', 'TOYOTA', 'SEQUOIA', '2018-2022', 'TOYOTA', 'SIENNA', '2011-2021', 'TOYOTA', 'TUNDRA', '2015-2021', 'TOYOTA', 'VENZA', '2021-2022']",FHH95042,LEXUS,"[{""address"":""Acura Almulla, Car Dealer Rd, Kuwait"",""location"":""https://maps.app.goo.gl/J3oPuFs33svZGpK89""}]",images/LEXUS/LEXUS___GS350___3.5L_V6___Banjo_Bolt___Washer___FHH95042___59089.jpg,,2,0,0,,,0,0,none,0,0,1,,,,,,,,,0,,0,,,0,,,14/08/2024,1,1,Banjo Bolt / Washer,,,,Accepted,500,,LEXUS,2020,GS350,https://www.rockauto.com/info/949/fvpfhh9504-2__ra_m.jpg
16,"3.5L V6 Brake & Wheel Hub ['ACURA', '1996-1999', 'BMW', '1968-2005', 'CADILLAC', '2010-2014', 'CHRYSLER', '1995-2013', 'DAIHATSU', '1991', 'DODGE', '1985-2014', 'EAGLE', '1990-1996', 'FIAT', '2012-2014', 'FORD', '1979-1997', 'GEO', '1990-1995', 'HONDA', '1994-2001', 'INFINITI', '2003-2022', 'ISUZU', '1983-1997', 'JEEP', '2007-2015', 'LEXUS', '1990-2024', 'MAZDA', '1972-2004', 'MERCEDES-BENZ', '1999-2000', 'MERCURY', '1989-1996', 'MITSUBISHI', '1987-2023', 'NISSAN', '2000-2022', 'PLYMOUTH', '1985-1993', 'PONTIAC', '2010', 'SAAB', '2005', 'SATURN', '2003-2005', 'SCION', '2006-2013', 'SUBARU', '1998-2004', 'SUZUKI', '2012', 'TOYOTA', '1981-2023', 'VOLKSWAGEN', '1980-1984']",9411K,LEXUS,"[{""address"":""Acura Almulla, Car Dealer Rd, Kuwait"",""location"":""https://maps.app.goo.gl/J3oPuFs33svZGpK89""}]",images/LEXUS/LEXUS___GS350___3.5L_V6___Brake_Bleeder_Screw___9411K___96090.jpg,,3,0,0,,,0,0,none,0,0,1,,Rear,,,,,,,0,,0,,,0,,,14/08/2024,1,1,Brake Bleeder Screw,,,,Accepted,500,,LEXUS,2020,GS350,https://www.rockauto.com/info/625/9411K__ra_m.jpg
16,"3.5L V6 Brake & Wheel Hub ['ALFA ROMEO', '2018-2021', 'AUDI', '2016-2022', 'BMW', '2008-2015', 'CADILLAC', '2001-2020', 'CHEVROLET', '2000-2019', 'DODGE', '1971-1996', 'FORD', '2015-2020', 'GMC', '2001-2020', 'HONDA', '1983-2017', 'HUMMER', '2009-2010', 'LEXUS', '1995-2022', 'MAZDA', '2015-2020', 'MERCEDES-BENZ', '2015-2022', 'MERKUR', '1988-1989', 'MITSUBISHI', '1991-1999', 'NISSAN', '1991-1996', 'OLDSMOBILE', '1999-2004', 'PLYMOUTH', '1973-1990', 'PONTIAC', '1999-2005', 'SEAT', '2016', 'SUBARU', '1989-1994', 'TOYOTA', '1967-2021', 'VOLKSWAGEN', '2019-2022', 'VOLVO', '1998-2022']",H9412,LEXUS,"[{""address"":""Acura Almulla, Car Dealer Rd, Kuwait"",""location"":""https://maps.app.goo.gl/J3oPuFs33svZGpK89""}]",images/LEXUS/LEXUS___GS350___3.5L_V6___Brake_Bleeder_Screw___H9412___24009.jpg,,2,0,0,,,0,0,none,0,0,1,,Front,,,,,,,0,,0,,,0,,,14/08/2024,1,1,Brake Bleeder Screw,,,,Accepted,500,,LEXUS,2020,GS350,https://www.rockauto.com/info/270/H9412__ra_m.jpg
16,"3.5L V6 Brake & Wheel Hub ['ACURA', '1991-2022', 'ALFA ROMEO', '1983-1995', 'BUICK', '1980-2020', 'CADILLAC', '1980-2021', 'CHEVROLET', '1980-2021', 'CHRYSLER', '1980-2023', 'DAEWOO', '1999-2001', 'DAIHATSU', '1991-1992', 'DODGE', '1980-2023', 'EAGLE', '1988-1996', 'FIAT', '1980-2020', 'FORD', '1980-2013', 'GENESIS', '2018-2021', 'GEO', '1989-1995', 'GMC', '1980-2021', 'HONDA', '1980-2023', 'HUMMER', '2004-2005', 'HYUNDAI', '1986-2021', 'INFINITI', '1990-2022', 'INTERNATIONAL', '1980', 'ISUZU', '1983-2008', 'JEEP', '1992-2024', 'KIA', '1995-2021', 'LEXUS', '1990-2024', 'LINCOLN', '1980-2013', 'MAZDA', '1980-2024', 'MERCURY', '1980-2011', 'MITSUBISHI', '1983-2022', 'NISSAN', '1980-2023', 'OLDSMOBILE', '1980-2003', 'PEUGEOT', '1984-1991', 'PLYMOUTH', '1980-2000', 'PONTIAC', '1980-2010', 'RAM', '2011-2022', 'RENAULT', '1981-1984', 'SAAB', '2008', 'SATURN', '1993-2010', 'SCION', '2006-2013', 'SUBARU', '1980-2022', 'SUZUKI', '1986-2013', 'TOYOTA', '1980-2023', 'YUGO', '1988-1990']",AS402Y,LEXUS,"[{""address"":""Acura Almulla, Car Dealer Rd, Kuwait"",""location"":""https://maps.app.goo.gl/J3oPuFs33svZGpK89""}]",images/LEXUS/LEXUS___GS350___3.5L_V6___Brake_Fluid___AS402Y___53286.jpg,,16,0,0,,,0,0,DOT 3 ,0,0,1,,,,,,,,,0,,0,,,0,,,14/08/2024,1,1,Brake Fluid,,,,Accepted,500,,LEXUS,2020,GS350,https://www.rockauto.com/info/692/AS402Y_P04_FRO__ra_m.jpg
16,"3.5L V6 Brake & Wheel Hub ['LEXUS', 'GS200T', '2016-2017', 'LEXUS', 'GS300', '2018-2019', 'LEXUS', 'GS350', '2013-2020', 'LEXUS', 'GS450H', '2013-2018', 'LEXUS', 'RC200T', '2016-2017', 'LEXUS', 'RC300', '2016-2020', 'LEXUS', 'RC350', '2015-2019']",BH383688,LEXUS,"[{""address"":""Acura Almulla, Car Dealer Rd, Kuwait"",""location"":""https://maps.app.goo.gl/J3oPuFs33svZGpK89""}]",images/LEXUS/LEXUS___GS350___3.5L_V6___Brake_Hose___BH383688___33383.jpg,,8,0,0,,,0,0,Standard Replacement ,0,0,1,,Rear,,,,,,,0,,0,,,0,,,14/08/2024,1,1,Brake Hose,,,,Accepted,500,,LEXUS,2020,GS350,https://www.rockauto.com/info/27/BH383688_FRO__ra_m.jpg
16,"3.5L V6 Brake & Wheel Hub ['', '', '', '', '', '', '', '', '', '', '', '', '', '', '', '', '', '', '', '', '']",H622027,LEXUS,"[{""address"":""Acura Almulla, Car Dealer Rd, Kuwait"",""location"":""https://maps.app.goo.gl/J3oPuFs33svZGpK89""}]",images/LEXUS/LEXUS___GS350___3.5L_V6___Brake_Hose___H622027___36868.jpg,,10,0,0,,,0,0,Economy ,0,0,1,,,,,,,,,0,,0,,,0,,,14/08/2024,1,1,Brake Hose,,,,Accepted,500,,LEXUS,2020,GS350,https://www.rockauto.com/info/42/H622027-007__ra_m.jpg
16,"3.5L V6 Brake & Wheel Hub ['', '', '', '', '', '', '', '', '', '', '', '', '', '', '', '', '', '', '', '', '']",H622028,LEXUS,"[{""address"":""Acura Almulla, Car Dealer Rd, Kuwait"",""location"":""https://maps.app.goo.gl/J3oPuFs33svZGpK89""}]",images/LEXUS/LEXUS___GS350___3.5L_V6___Brake_Hose___H622028___50016.jpg,,8,0,0,,,0,0,Economy ,0,0,1,,Front Right,,,,,,,0,,0,,,0,,,14/08/2024,1,1,Brake Hose,,,,Accepted,500,,LEXUS,2020,GS350,https://www.rockauto.com/info/42/H622028-007__ra_m.jpg
16,"3.5L V6 Brake & Wheel Hub ['LEXUS', 'GS350', '2013-2020', 'LEXUS', 'RC300', '2019-2023', 'LEXUS', 'RC350', '2019-2023']",H622029,LEXUS,"[{""address"":""Acura Almulla, Car Dealer Rd, Kuwait"",""location"":""https://maps.app.goo.gl/J3oPuFs33svZGpK89""}]",images/LEXUS/LEXUS___GS350___3.5L_V6___Brake_Hose___H622029___10893.jpg,,10,0,0,,,0,0,Economy ,0,0,1,,Front Left,,,,,,,0,,0,,,0,,,14/08/2024,1,1,Brake Hose,,,,Accepted,500,,LEXUS,2020,GS350,https://www.rockauto.com/info/42/H622029-007__ra_m.jpg
16,"3.5L V6 Brake & Wheel Hub ['LEXUS', 'GS200T', '2016-2017', 'LEXUS', 'GS300', '2018-2019', 'LEXUS', 'GS350', '2013-2020', 'LEXUS', 'GS450H', '2013-2018', 'LEXUS', 'IS F', '2008-2014', 'LEXUS', 'IS300', '2021', 'LEXUS', 'IS350', '2021-2022', 'LEXUS', 'RC200T', '2016-2017', 'LEXUS', 'RC300', '2018', 'LEXUS', 'RC350', '2015-2021']",15044150,LEXUS,"[{""address"":""Acura Almulla, Car Dealer Rd, Kuwait"",""location"":""https://maps.app.goo.gl/J3oPuFs33svZGpK89""}]",images/LEXUS/LEXUS___GS350___3.5L_V6___Brake_Hose___15044150___85228.jpg,,8,0,0,,,0,0,Standard Replacement ,0,0,1,,Front,,,,,,,0,,0,,,0,,,14/08/2024,1,1,Brake Hose,,,,Accepted,500,,LEXUS,2020,GS350,https://www.rockauto.com/info/142/150.44150_Top__ra_m.jpg
16,"3.5L V6 Brake & Wheel Hub ['LEXUS', 'GS200T', '2016-2017', 'LEXUS', 'GS300', '2018-2019', 'LEXUS', 'GS350', '2013-2020', 'LEXUS', 'GS450H', '2013-2018', 'LEXUS', 'IS300', '2016-2022', 'LEXUS', 'IS350', '2014-2020', 'LEXUS', 'RC200T', '2016-2017', 'LEXUS', 'RC300', '2016-2020', 'LEXUS', 'RC350', '2015-2022']",0857013,LEXUS,"[{""address"":""Acura Almulla, Car Dealer Rd, Kuwait"",""location"":""https://maps.app.goo.gl/J3oPuFs33svZGpK89""}]",images/LEXUS/LEXUS___GS350___3.5L_V6___Brake_Pad___0857013___78300.jpg,,33,0,0,,,0,0,Economy ,0,0,1,,,,,,,,,0,,0,,,0,,,14/08/2024,1,1,Brake Pad,,,,Accepted,500,,LEXUS,2020,GS350,https://www.rockauto.com/info/31/BA0857013-1__ra_m.jpg
16,"3.5L V6 Brake & Wheel Hub ['LEXUS', 'GS200T', '2016-2017', 'LEXUS', 'GS300', '2018-2019', 'LEXUS', 'GS350', '2013-2020', 'LEXUS', 'GS450H', '2013-2018', 'LEXUS', 'IS200T', '2016-2017', 'LEXUS', 'IS250', '2014-2015', 'LEXUS', 'IS300', '2016-2020', 'LEXUS', 'IS350', '2014-2020', 'LEXUS', 'RC200T', '2016-2017', 'LEXUS', 'RC300', '2016-2020', 'LEXUS', 'RC350', '2015-2020', 'LEXUS', 'RX350', '2010-2015', 'LEXUS', 'RX450H', '2010-2015', 'TOYOTA', 'HIGHLANDER', '2014-2019', 'TOYOTA', 'MIRAI', '2016-2020', 'TOYOTA', 'PRIUS V', '2012-2017', 'TOYOTA', 'SIENNA', '2011-2020']",0891949,LEXUS,"[{""address"":""Acura Almulla, Car Dealer Rd, Kuwait"",""location"":""https://maps.app.goo.gl/J3oPuFs33svZGpK89""}]",images/LEXUS/LEXUS___GS350___3.5L_V6___Brake_Pad___0891949___92820.jpg,,40,0,0,,,0,0,Daily Driver ,0,0,1,,Rear,,,,,,,0,,0,,,0,,,14/08/2024,1,1,Brake Pad,,,,Accepted,500,,LEXUS,2020,GS350,https://www.rockauto.com/info/31/BA0891949-1__ra_m.jpg
16,"3.5L V6 Brake & Wheel Hub ['LEXUS', 'GS F', '2016-2020', 'LEXUS', 'GS350', '2016-2020', 'LEXUS', 'LS460', '2013-2017', 'LEXUS', 'RC F', '2015-2023']",10031440M,LEXUS,"[{""address"":""Acura Almulla, Car Dealer Rd, Kuwait"",""location"":""https://maps.app.goo.gl/J3oPuFs33svZGpK89""}]",images/LEXUS/LEXUS___GS350___3.5L_V6___Brake_Pad___10031440M___37826.jpg,,39,0,0,,,0,0,Daily Driver ,0,0,1,,Front,,,,,,,0,,0,,,0,,,14/08/2024,1,1,Brake Pad,,,,Accepted,500,,LEXUS,2020,GS350,https://www.rockauto.com/info/1091/1001-1440M-ANG__ra_m.jpg
16,"3.5L V6 Brake & Wheel Hub ['LEXUS', 'GS F', '2016-2020', 'LEXUS', 'GS350', '2016-2020', 'LEXUS', 'RC F', '2015-2022']",11644016,LEXUS,"[{""address"":""Acura Almulla, Car Dealer Rd, Kuwait"",""location"":""https://maps.app.goo.gl/J3oPuFs33svZGpK89""}]",images/LEXUS/LEXUS___GS350___3.5L_V6___Brake_Pad_Wear_Sensor___11644016___3142.jpg,,18,0,0,,,0,0,none,0,0,1,,Front,,,,,,,0,,0,,,0,,,14/08/2024,1,1,Brake Pad Wear Sensor,,,,Accepted,500,,LEXUS,2020,GS350,https://www.rockauto.com/info/142/116.44016_Top__ra_m.jpg
16,"3.5L V6 Brake & Wheel Hub ['LEXUS', 'GS F', '2016-2020', 'LEXUS', 'GS200T', '2016-2017', 'LEXUS', 'GS300', '2018-2019', 'LEXUS', 'GS350', '2013-2020', 'LEXUS', 'GS450H', '2013-2018', 'LEXUS', 'IS200T', '2016-2017', 'LEXUS', 'IS300', '2016-2020', 'LEXUS', 'IS350', '2014-2020', 'LEXUS', 'RC F', '2015-2023', 'LEXUS', 'RC200T', '2016-2017', 'LEXUS', 'RC300', '2016-2020', 'LEXUS', 'RC350', '2015-2020']",Z1047,LEXUS,"[{""address"":""Acura Almulla, Car Dealer Rd, Kuwait"",""location"":""https://maps.app.goo.gl/J3oPuFs33svZGpK89""}]",images/LEXUS/LEXUS___GS350___3.5L_V6___Brake_Shoe___Z1047___44197.jpg,,13,0,0,,,0,0,none,0,0,1,,Rear,,,,,,,0,,0,,,0,,,14/08/2024,1,1,Brake Shoe,,,,Accepted,500,,LEXUS,2020,GS350,https://www.rockauto.com/info/5/MQS_Z1047_P04_TOP__ra_m.jpg
16,"3.5L V6 Brake & Wheel Hub ['LEXUS', 'GS200T', '2016-2017', 'LEXUS', 'GS300', '2018-2019', 'LEXUS', 'GS350', '2013-2020', 'LEXUS', 'GS450H', '2013-2018', 'LEXUS', 'IS200T', '2016-2017', 'LEXUS', 'IS300', '2016-2020', 'LEXUS', 'IS350', '2014-2020', 'LEXUS', 'RC200T', '2016-2017', 'LEXUS', 'RC300', '2016-2020', 'LEXUS', 'RC350', '2015-2020']",L7140,LEXUS,"[{""address"":""Acura Almulla, Car Dealer Rd, Kuwait"",""location"":""https://maps.app.goo.gl/J3oPuFs33svZGpK89""}]",images/LEXUS/LEXUS___GS350___3.5L_V6___Caliper___L7140___86258.jpg,,34,0,0,,,0,0,none,0,0,1,,Rear Left,,,,,,,0,,0,,,0,,,14/08/2024,1,1,Caliper,,,,Accepted,500,,LEXUS,2020,GS350,https://www.rockauto.com/info/568/L7140__ra_m.jpg
16,"3.5L V6 Brake & Wheel Hub ['LEXUS', 'GS200T', '2016-2017', 'LEXUS', 'GS300', '2018-2019', 'LEXUS', 'GS350', '2013-2020', 'LEXUS', 'GS450H', '2013-2018', 'LEXUS', 'IS200T', '2016-2017', 'LEXUS', 'IS300', '2016-2020', 'LEXUS', 'IS350', '2014-2020', 'LEXUS', 'RC200T', '2016-2017', 'LEXUS', 'RC300', '2016-2020', 'LEXUS', 'RC350', '2015-2020']",99P01737B,LEXUS,"[{""address"":""Acura Almulla, Car Dealer Rd, Kuwait"",""location"":""https://maps.app.goo.gl/J3oPuFs33svZGpK89""}]",images/LEXUS/LEXUS___GS350___3.5L_V6___Caliper___99P01737B___72347.jpg,,33,0,0,,,0,0,none,0,0,1,,Rear Right,,,,,,,0,,0,,,0,,,14/08/2024,1,1,Caliper,,,,Accepted,500,,LEXUS,2020,GS350,https://www.rockauto.com/info/678/99P01737B_ANG__ra_m.jpg
16,"3.5L V6 Brake & Wheel Hub ['LEXUS', 'GS200T', '2016-2017', 'LEXUS', 'GS300', '2018-2019', 'LEXUS', 'GS350', '2007-2020', 'LEXUS', 'GS430', '2006-2007', 'LEXUS', 'GS450H', '2007-2018', 'LEXUS', 'GS460', '2008-2011', 'LEXUS', 'IS200T', '2016-2017', 'LEXUS', 'IS250', '2011', 'LEXUS', 'IS300', '2016-2024', 'LEXUS', 'IS350', '2006-2024', 'LEXUS', 'RC200T', '2016-2017', 'LEXUS', 'RC300', '2016-2024', 'LEXUS', 'RC350', '2015-2024']",L3336,LEXUS,"[{""address"":""Acura Almulla, Car Dealer Rd, Kuwait"",""location"":""https://maps.app.goo.gl/J3oPuFs33svZGpK89""}]",images/LEXUS/LEXUS___GS350___3.5L_V6___Caliper___L3336___31984.jpg,,52,0,0,,,0,0,none,0,0,1,,Front Right,,,,,,,0,,0,,,0,,,14/08/2024,1,1,Caliper,,,,Accepted,500,,LEXUS,2020,GS350,https://www.rockauto.com/info/568/L3336__ra_m.jpg
16,"3.5L V6 Brake & Wheel Hub ['LEXUS', 'GS200T', '2016-2017', 'LEXUS', 'GS300', '2018-2019', 'LEXUS', 'GS350', '2007-2020', 'LEXUS', 'GS430', '2006-2007', 'LEXUS', 'GS450H', '2007-2018', 'LEXUS', 'GS460', '2008-2011', 'LEXUS', 'IS200T', '2016-2017', 'LEXUS', 'IS250', '2011', 'LEXUS', 'IS300', '2016-2024', 'LEXUS', 'IS350', '2006-2024', 'LEXUS', 'RC200T', '2016-2017', 'LEXUS', 'RC300', '2016-2024', 'LEXUS', 'RC350', '2015-2024']",L3337,LEXUS,"[{""address"":""Acura Almulla, Car Dealer Rd, Kuwait"",""location"":""https://maps.app.goo.gl/J3oPuFs33svZGpK89""}]",images/LEXUS/LEXUS___GS350___3.5L_V6___Caliper___L3337___42727.jpg,,57,0,0,,,0,0,none,0,0,1,,Front Left,,,,,,,0,,0,,,0,,,14/08/2024,1,1,Caliper,,,,Accepted,500,,LEXUS,2020,GS350,https://www.rockauto.com/info/568/L3337__ra_m.jpg
16,"3.5L V6 Brake & Wheel Hub ['LEXUS', 'GS200T', '2016-2017', 'LEXUS', 'GS300', '2018-2019', 'LEXUS', 'GS350', '2007-2020', 'LEXUS', 'GS430', '2006-2007', 'LEXUS', 'GS450H', '2007-2018', 'LEXUS', 'GS460', '2008-2011', 'LEXUS', 'IS200T', '2016-2017', 'LEXUS', 'IS300', '2016-2022', 'LEXUS', 'IS350', '2006-2022', 'LEXUS', 'RC200T', '2016-2017', 'LEXUS', 'RC300', '2016-2023', 'LEXUS', 'RC350', '2015-2023']",BC16337,LEXUS,"[{""address"":""Acura Almulla, Car Dealer Rd, Kuwait"",""location"":""https://maps.app.goo.gl/J3oPuFs33svZGpK89""}]",images/LEXUS/LEXUS___GS350___3.5L_V6___Caliper___BC16337___80723.jpg,,47,0,0,,,0,0,none,0,0,1,,,,,,,,,0,,0,,,0,,,14/08/2024,1,1,Caliper,,,,Accepted,500,,LEXUS,2020,GS350,https://www.rockauto.com/info/1091/1091_BC16337_01__ra_m.jpg
16,"3.5L V6 Brake & Wheel Hub ['JEEP', 'GRAND CHEROKEE', '1999-2004', 'LEXUS', 'GS300', '2018-2019', 'LEXUS', 'GS350', '2018-2020', 'LEXUS', 'GS450H', '2018', 'LEXUS', 'IS300', '2018-2023', 'LEXUS', 'IS350', '2018-2023', 'LEXUS', 'IS500', '2022-2023', 'LEXUS', 'NX250', '2022', 'LEXUS', 'NX350', '2022', 'LEXUS', 'NX350H', '2022', 'LEXUS', 'NX450H+', '2022', 'LEXUS', 'RC300', '2018-2022', 'LEXUS', 'RC350', '2018-2022', 'TOYOTA', 'BZ4X', '2023', 'TOYOTA', 'RAV4', '2019-2022', 'TOYOTA', 'RAV4 PRIME', '2021-2022', 'TOYOTA', 'VENZA', '2021-2022']",H800,LEXUS,"[{""address"":""Acura Almulla, Car Dealer Rd, Kuwait"",""location"":""https://maps.app.goo.gl/J3oPuFs33svZGpK89""}]",images/LEXUS/LEXUS___GS350___3.5L_V6___Caliper_Bracket_Bolt___H800___22365.jpg,,2,0,0,,,0,0,none,0,0,1,,Rear,,,,,,,0,,0,,,0,,,14/08/2024,1,1,Caliper Bracket Bolt,,,,Accepted,500,,LEXUS,2020,GS350,https://www.rockauto.com/info/270/H800__ra_m.jpg
16,"3.5L V6 Brake & Wheel Hub ['JAGUAR', 'XJ12', '1973-1979', 'JAGUAR', 'XJ6', '1972-1987', 'JAGUAR', 'XJS', '1976-1993', 'JAGUAR', 'XKE', '1968-1974', 'LEXUS', 'GS200T', '2016-2017', 'LEXUS', 'GS300', '2018-2019', 'LEXUS', 'GS350', '2007-2020', 'LEXUS', 'GS430', '2006-2007', 'LEXUS', 'GS450H', '2007-2018', 'LEXUS', 'GS460', '2008-2011', 'LEXUS', 'IS200T', '2016', 'LEXUS', 'IS300', '2016-2022', 'LEXUS', 'IS350', '2006-2021', 'LEXUS', 'LS430', '2001-2006', 'LEXUS', 'RC200T', '2016-2017', 'LEXUS', 'RC300', '2016-2020', 'LEXUS', 'RC350', '2015-2021', 'TOYOTA', '4RUNNER', '1989-1991', 'TOYOTA', 'PICKUP', '1989-1995']",7669,LEXUS,"[{""address"":""Acura Almulla, Car Dealer Rd, Kuwait"",""location"":""https://maps.app.goo.gl/J3oPuFs33svZGpK89""}]",images/LEXUS/LEXUS___GS350___3.5L_V6___Caliper_Piston___7669___96631.jpg,,9,0,0,,,0,0,none,0,0,1,,,,,,,,,0,,0,,,0,,,14/08/2024,1,1,Caliper Piston,,,,Accepted,500,,LEXUS,2020,GS350,https://www.rockauto.com/info/270/CK_7669_Fro__ra_m.jpg
16,"3.5L V6 Brake & Wheel Hub ['LEXUS', 'GS200T', '2016-2017', 'LEXUS', 'GS300', '2018-2019', 'LEXUS', 'GS350', '2013-2020', 'LEXUS', 'GS450H', '2013-2018', 'LEXUS', 'IS200T', '2016-2017', 'LEXUS', 'IS250', '2014-2015', 'LEXUS', 'IS300', '2016-2020', 'LEXUS', 'IS350', '2014-2020', 'LEXUS', 'RC200T', '2016-2017', 'LEXUS', 'RC300', '2016-2020', 'LEXUS', 'RC350', '2015-2020', 'TOYOTA', 'PRIUS V', '2013-2017']",8268,LEXUS,"[{""address"":""Acura Almulla, Car Dealer Rd, Kuwait"",""location"":""https://maps.app.goo.gl/J3oPuFs33svZGpK89""}]",images/LEXUS/LEXUS___GS350___3.5L_V6___Caliper_Piston___8268___33147.jpg,,Out of Stock,0,0,,,0,0,none,0,0,1,,Rear,,,,,,,0,,0,,,0,,,14/08/2024,1,1,Caliper Piston,,,,Accepted,500,,LEXUS,2020,GS350,https://www.rockauto.com/info/270/CK_7669_Fro__ra_m.jpg
16,"3.5L V6 Brake & Wheel Hub ['LEXUS', 'GS200T', '2016-2017', 'LEXUS', 'GS300', '2018-2019', 'LEXUS', 'GS350', '2013-2020', 'LEXUS', 'GS450H', '2013-2018', 'LEXUS', 'IS200T', '2016', 'LEXUS', 'IS250', '2014-2015', 'LEXUS', 'IS300', '2016-2020', 'LEXUS', 'IS350', '2014-2020', 'LEXUS', 'RC200T', '2016-2017', 'LEXUS', 'RC300', '2016-2020', 'LEXUS', 'RC350', '2015-2020']",15446,LEXUS,"[{""address"":""Acura Almulla, Car Dealer Rd, Kuwait"",""location"":""https://maps.app.goo.gl/J3oPuFs33svZGpK89""}]",images/LEXUS/LEXUS___GS350___3.5L_V6___Caliper_Repair_Kit___15446___56647.jpg,,2,0,0,,,0,0,none,0,0,1,,Rear,,,,,,,0,,0,,,0,,,14/08/2024,1,1,Caliper Repair Kit,,,,Accepted,500,,LEXUS,2020,GS350,https://www.rockauto.com/info/270/15446__ra_m.jpg
16,"3.5L V6 Brake & Wheel Hub ['LEXUS', 'GS200T', '2016-2017', 'LEXUS', 'GS300', '2018-2019', 'LEXUS', 'GS350', '2007-2020', 'LEXUS', 'GS430', '2006-2007', 'LEXUS', 'GS450H', '2007-2018', 'LEXUS', 'GS460', '2008-2011', 'LEXUS', 'IS200T', '2016', 'LEXUS', 'IS300', '2016-2022', 'LEXUS', 'IS350', '2006-2021', 'LEXUS', 'LS430', '2001-2006', 'LEXUS', 'RC200T', '2016-2017', 'LEXUS', 'RC300', '2016-2020', 'LEXUS', 'RC350', '2015-2020']",15279,LEXUS,"[{""address"":""Acura Almulla, Car Dealer Rd, Kuwait"",""location"":""https://maps.app.goo.gl/J3oPuFs33svZGpK89""}]",images/LEXUS/LEXUS___GS350___3.5L_V6___Caliper_Repair_Kit___15279___92874.jpg,,7,0,0,,,0,0,none,0,0,1,,,,,,,,,0,,0,,,0,,,14/08/2024,1,1,Caliper Repair Kit,,,,Accepted,500,,LEXUS,2020,GS350,https://www.rockauto.com/info/270/15279__ra_m.jpg
16,"3.5L V6 Brake & Wheel Hub ['LEXUS', 'ES300H', '2013-2018', 'LEXUS', 'ES350', '2012-2018', 'LEXUS', 'GS200T', '2016-2017', 'LEXUS', 'GS300', '2018-2019', 'LEXUS', 'GS350', '2013-2020', 'LEXUS', 'GS450H', '2013-2018', 'LEXUS', 'HS250H', '2012', 'LEXUS', 'IS200T', '2016', 'LEXUS', 'IS250', '2014-2015', 'LEXUS', 'IS300', '2016-2020', 'LEXUS', 'IS350', '2014-2020', 'LEXUS', 'RC200T', '2016-2017', 'LEXUS', 'RC300', '2016-2020', 'LEXUS', 'RC350', '2015-2020', 'LEXUS', 'RX350', '2013-2015', 'LEXUS', 'RX450H', '2013-2015', 'TOYOTA', 'AVALON', '2012-2018', 'TOYOTA', 'CAMRY', '2012-2022', 'TOYOTA', 'RAV4', '2013-2018', 'TOYOTA', 'SIENNA', '2013-2020']",FH14254,LEXUS,"[{""address"":""Acura Almulla, Car Dealer Rd, Kuwait"",""location"":""https://maps.app.goo.gl/J3oPuFs33svZGpK89""}]",images/LEXUS/LEXUS___GS350___3.5L_V6___Caliper_Slide_Pin___FH14254___59254.jpg,,3,0,0,,,0,0,none,0,0,1,,Rear,,,,,,,0,,0,,,0,,,14/08/2024,1,1,Caliper Slide Pin,,,,Accepted,500,,LEXUS,2020,GS350,https://www.rockauto.com/info/949/FVPFH14254__ra_m.jpg
16,"3.5L V6 Brake & Wheel Hub ['LEXUS', 'GS200T', '2016-2017', 'LEXUS', 'GS300', '2018-2019', 'LEXUS', 'GS350', '2013-2020', 'LEXUS', 'GS450H', '2013-2018', 'LEXUS', 'HS250H', '2010-2012', 'LEXUS', 'IS200T', '2016-2017', 'LEXUS', 'IS250', '2014-2015', 'LEXUS', 'IS300', '2016-2020', 'LEXUS', 'IS350', '2014-2020', 'LEXUS', 'RC200T', '2016-2017', 'LEXUS', 'RC300', '2016-2020', 'LEXUS', 'RC350', '2015-2020', 'LEXUS', 'RX350', '2010-2015', 'LEXUS', 'RX450H', '2010-2015', 'TOYOTA', 'CAMRY', '2018-2023', 'TOYOTA', 'MATRIX', '2009-2013', 'TOYOTA', 'SIENNA', '2011-2014']",16459K,LEXUS,"[{""address"":""Acura Almulla, Car Dealer Rd, Kuwait"",""location"":""https://maps.app.goo.gl/J3oPuFs33svZGpK89""}]",images/LEXUS/LEXUS___GS350___3.5L_V6___Caliper_Slide_Pin_Boot___Bushing___16459K___21731.jpg,,3,0,0,,,0,0,none,0,0,1,,Rear,,,,,,,0,,0,,,0,,,14/08/2024,1,1,Caliper Slide Pin Boot / Bushing,,,,Accepted,500,,LEXUS,2020,GS350,https://www.rockauto.com/info/625/16459K__ra_m.jpg
16,"3.5L V6 Brake & Wheel Hub ['LEXUS', 'GS200T', '2016-2017', 'LEXUS', 'GS300', '2018-2019', 'LEXUS', 'GS350', '2007-2020', 'LEXUS', 'GS430', '2006-2007', 'LEXUS', 'GS450H', '2007-2018', 'LEXUS', 'GS460', '2008-2011', 'LEXUS', 'IS200T', '2016', 'LEXUS', 'IS300', '2016-2022', 'LEXUS', 'IS350', '2006-2020', 'LEXUS', 'LS430', '2001-2006', 'LEXUS', 'RC200T', '2016', 'LEXUS', 'RC300', '2016-2020', 'LEXUS', 'RC350', '2015-2022']",0841853,LEXUS,"[{""address"":""Acura Almulla, Car Dealer Rd, Kuwait"",""location"":""https://maps.app.goo.gl/J3oPuFs33svZGpK89""}]",images/LEXUS/LEXUS___GS350___3.5L_V6___Disc_Brake_Hardware_Kit___0841853___43280.jpg,,10,0,0,,,0,0,none,0,0,1,,Front,,,,,,,0,,0,,,0,,,14/08/2024,1,1,Disc Brake Hardware Kit,,,,Accepted,500,,LEXUS,2020,GS350,https://www.rockauto.com/info/31/BA0841853-1__ra_m.jpg
16,"3.5L V6 Brake & Wheel Hub ['LEXUS', 'GS200T', '2016-2017', 'LEXUS', 'GS300', '2018-2019', 'LEXUS', 'GS350', '2013-2020', 'LEXUS', 'GS450H', '2013-2018', 'LEXUS', 'IS200T', '2016-2017', 'LEXUS', 'IS250', '2014-2015', 'LEXUS', 'IS300', '2016-2020', 'LEXUS', 'IS350', '2014-2020', 'LEXUS', 'RC200T', '2016-2017', 'LEXUS', 'RC350', '2015-2020', 'LEXUS', 'RX350', '2010-2015', 'LEXUS', 'RX450H', '2010-2015', 'TOYOTA', 'SIENNA', '2011-2014']",0841917,LEXUS,"[{""address"":""Acura Almulla, Car Dealer Rd, Kuwait"",""location"":""https://maps.app.goo.gl/J3oPuFs33svZGpK89""}]",images/LEXUS/LEXUS___GS350___3.5L_V6___Disc_Brake_Hardware_Kit___0841917___85973.jpg,,13,0,0,,,0,0,none,0,0,1,,Rear,,,,,,,0,,0,,,0,,,14/08/2024,1,1,Disc Brake Hardware Kit,,,,Accepted,500,,LEXUS,2020,GS350,https://www.rockauto.com/info/31/BA0841917-1__ra_m.jpg
16,"3.5L V6 Brake & Wheel Hub ['LEXUS', 'GS200T', '2016-2017', 'LEXUS', 'GS300', '2018-2019', 'LEXUS', 'GS350', '2007-2020', 'LEXUS', 'GS430', '2006-2007', 'LEXUS', 'GS450H', '2007-2018', 'LEXUS', 'GS460', '2008-2011', 'LEXUS', 'IS200T', '2016', 'LEXUS', 'IS300', '2016-2020', 'LEXUS', 'IS350', '2006-2020', 'LEXUS', 'LS430', '2001-2006', 'LEXUS', 'RC200T', '2016-2017', 'LEXUS', 'RC300', '2016-2018', 'LEXUS', 'RC350', '2015-2021']",11744061,LEXUS,"[{""address"":""Acura Almulla, Car Dealer Rd, Kuwait"",""location"":""https://maps.app.goo.gl/J3oPuFs33svZGpK89""}]",images/LEXUS/LEXUS___GS350___3.5L_V6___Disc_Brake_Hardware_Kit___11744061___37165.jpg,,7,0,0,,,0,0,none,0,0,1,,,,,,,,,0,,0,,,0,,,14/08/2024,1,1,Disc Brake Hardware Kit,,,,Accepted,500,,LEXUS,2020,GS350,https://www.rockauto.com/info/142/117.44061_Top__ra_m.jpg
16,"3.5L V6 Brake & Wheel Hub ['LEXUS', 'GS F', '2016-2020', 'LEXUS', 'GS200T', '2016-2017', 'LEXUS', 'GS300', '2018-2019', 'LEXUS', 'GS350', '2013-2020', 'LEXUS', 'GS450H', '2013-2018', 'LEXUS', 'IS200T', '2016-2017', 'LEXUS', 'IS300', '2016-2020', 'LEXUS', 'IS350', '2014-2020', 'LEXUS', 'RC F', '2015-2023', 'LEXUS', 'RC200T', '2016-2017', 'LEXUS', 'RC300', '2016-2020', 'LEXUS', 'RC350', '2015-2020']",37075002,LEXUS,"[{""address"":""Acura Almulla, Car Dealer Rd, Kuwait"",""location"":""https://maps.app.goo.gl/J3oPuFs33svZGpK89""}]",images/LEXUS/LEXUS___GS350___3.5L_V6___Drum_Brake_Hardware_Kit___37075002___89226.jpg,,7,0,0,,,0,0,none,0,0,1,,,,,,,,,0,,0,,,0,,,14/08/2024,1,1,Drum Brake Hardware Kit,,,,Accepted,500,,LEXUS,2020,GS350,https://www.rockauto.com/info/1100/370-75002_v8_1__ra_m.jpg
16,"3.5L V6 Brake & Wheel Hub ['LEXUS', 'GS F', '2016-2020', 'LEXUS', 'GS200T', '2016-2017', 'LEXUS', 'GS300', '2018-2019', 'LEXUS', 'GS350', '2013-2020', 'LEXUS', 'GS450H', '2013-2018', 'LEXUS', 'IS200T', '2016', 'LEXUS', 'IS300', '2016-2020', 'LEXUS', 'IS350', '2014-2020', 'LEXUS', 'RC F', '2015-2021', 'LEXUS', 'RC200T', '2016-2017', 'LEXUS', 'RC300', '2016-2020', 'LEXUS', 'RC350', '2015-2020']",FH17485,LEXUS,"[{""address"":""Acura Almulla, Car Dealer Rd, Kuwait"",""location"":""https://maps.app.goo.gl/J3oPuFs33svZGpK89""}]",images/LEXUS/LEXUS___GS350___3.5L_V6___Parking_Brake_Hardware_Kit___FH17485___4798.jpg,,10,0,0,,,0,0,none,0,0,1,,Rear,,,,,,,0,,0,,,0,,,14/08/2024,1,1,Parking Brake Hardware Kit,,,,Accepted,500,,LEXUS,2020,GS350,https://www.rockauto.com/info/949/fvpfh17485__ra_m.jpg
16,"3.5L V6 Brake & Wheel Hub ['LEXUS', 'GS F', '2016-2020', 'LEXUS', 'GS200T', '2016-2017', 'LEXUS', 'GS300', '2018-2019', 'LEXUS', 'GS350', '2013-2020', 'LEXUS', 'GS450H', '2013-2018', 'LEXUS', 'IS300', '2016-2020', 'LEXUS', 'IS350', '2014-2020', 'LEXUS', 'RC F', '2015-2022', 'LEXUS', 'RC200T', '2016-2017', 'LEXUS', 'RC300', '2016-2018', 'LEXUS', 'RC350', '2015-2020']",11844045,LEXUS,"[{""address"":""Acura Almulla, Car Dealer Rd, Kuwait"",""location"":""https://maps.app.goo.gl/J3oPuFs33svZGpK89""}]",images/LEXUS/LEXUS___GS350___3.5L_V6___Parking_Brake_Hardware_Kit___11844045___25662.jpg,,12,0,0,,,0,0,none,0,0,1,,Front,,,,,,,0,,0,,,0,,,14/08/2024,1,1,Parking Brake Hardware Kit,,,,Accepted,500,,LEXUS,2020,GS350,https://www.rockauto.com/info/142/118.44045_Top__ra_m.jpg
16,"3.5L V6 Brake & Wheel Hub ['LEXUS', 'GS200T', '2016-2017', 'LEXUS', 'GS300', '2018-2019', 'LEXUS', 'GS350', '2013-2020', 'LEXUS', 'GS450H', '2013-2018', 'LEXUS', 'IS200T', '2016', 'LEXUS', 'IS300', '2016-2020', 'LEXUS', 'IS350', '2014-2020', 'LEXUS', 'RC200T', '2016-2017', 'LEXUS', 'RC300', '2016-2020', 'LEXUS', 'RC350', '2015-2020']",0842174,LEXUS,"[{""address"":""Acura Almulla, Car Dealer Rd, Kuwait"",""location"":""https://maps.app.goo.gl/J3oPuFs33svZGpK89""}]",images/LEXUS/LEXUS___GS350___3.5L_V6___Parking_Brake_Hardware_Kit___0842174___89970.jpg,,18,0,0,,,0,0,none,0,0,1,,,,,,,,,0,,0,,,0,,,14/08/2024,1,1,Parking Brake Hardware Kit,,,,Accepted,500,,LEXUS,2020,GS350,https://www.rockauto.com/info/31/BA0842174-1__ra_m.jpg
16,"3.5L V6 Brake & Wheel Hub ['LEXUS', 'GS F', '2016-2020', 'LEXUS', 'GS200T', '2016-2017', 'LEXUS', 'GS300', '1993-1997', 'LEXUS', 'GS350', '2013-2020', 'LEXUS', 'GS400', '1998-2000', 'LEXUS', 'GS450H', '2013-2017', 'LEXUS', 'IS200T', '2016-2017', 'LEXUS', 'IS300', '2001-2020', 'LEXUS', 'IS350', '2014-2020', 'LEXUS', 'LS400', '1990-2000', 'LEXUS', 'RC F', '2015-2020', 'LEXUS', 'RC200T', '2016-2017', 'LEXUS', 'RC300', '2016-2020', 'LEXUS', 'RC350', '2015-2020', 'LEXUS', 'RX330', '2004-2006', 'LEXUS', 'RX350', '2007-2009', 'LEXUS', 'RX400H', '2006-2008', 'LEXUS', 'SC300', '1992-2000', 'LEXUS', 'SC400', '1992-2000', 'TOYOTA', 'HIGHLANDER', '2004-2013', 'TOYOTA', 'PREVIA', '1991-1997', 'TOYOTA', 'SUPRA', '1993-1998', 'TOYOTA', 'VENZA', '2009-2016']",BS851,LEXUS,"[{""address"":""Acura Almulla, Car Dealer Rd, Kuwait"",""location"":""https://maps.app.goo.gl/J3oPuFs33svZGpK89""}]",images/LEXUS/LEXUS___GS350___3.5L_V6___Parking_Brake_Shoe___BS851___25503.jpg,,15,0,0,,,0,0,none,0,0,1,,,,,,,,,0,,0,,,0,,,14/08/2024,1,1,Parking Brake Shoe,,,,Accepted,500,,LEXUS,2020,GS350,https://www.rockauto.com/info/23/BS851360__ra_m.jpg
16,"3.5L V6 Brake & Wheel Hub ['LEXUS', 'GS F', '2016-2020', 'LEXUS', 'GS200T', '2016-2017', 'LEXUS', 'GS300', '2018-2019', 'LEXUS', 'GS350', '2013-2020', 'LEXUS', 'GS450H', '2013-2018', 'LEXUS', 'IS200T', '2016-2017', 'LEXUS', 'IS300', '2016-2021', 'LEXUS', 'IS350', '2014-2021', 'LEXUS', 'RC F', '2015-2021', 'LEXUS', 'RC200T', '2016-2017', 'LEXUS', 'RC300', '2016-2021', 'LEXUS', 'RC350', '2015-2021']",1047PG,LEXUS,"[{""address"":""Acura Almulla, Car Dealer Rd, Kuwait"",""location"":""https://maps.app.goo.gl/J3oPuFs33svZGpK89""}]",images/LEXUS/LEXUS___GS350___3.5L_V6___Parking_Brake_Shoe___1047PG___93118.jpg,,11,0,0,,,0,0,none,0,0,1,,Rear,,,,,,,0,,0,,,0,,,14/08/2024,1,1,Parking Brake Shoe,,,,Accepted,500,,LEXUS,2020,GS350,https://www.rockauto.com/info/27/1047PG_FRO__ra_m.jpg
16,"3.5L V6 Brake & Wheel Hub ['LEXUS', 'GS200T', '2016-2017', 'LEXUS', 'GS300', '2018-2019', 'LEXUS', 'GS350', '2016-2020', 'LEXUS', 'IS200T', '2016-2017', 'LEXUS', 'IS300', '2018-2020', 'LEXUS', 'IS350', '2018-2020', 'LEXUS', 'RC200T', '2016-2017', 'LEXUS', 'RC300', '2018-2021', 'LEXUS', 'RC350', '2018-2021']",533631,LEXUS,"[{""address"":""Acura Almulla, Car Dealer Rd, Kuwait"",""location"":""https://maps.app.goo.gl/J3oPuFs33svZGpK89""}]",images/LEXUS/LEXUS___GS350___3.5L_V6___Power_Brake_Booster___533631___37454.jpg,,113,0,0,,,0,0,Remanufactured ,0,0,1,,,,,,,,,0,,0,,,0,,,14/08/2024,1,1,Power Brake Booster,,,,Accepted,500,,LEXUS,2020,GS350,https://www.rockauto.com/info/1/533631-TOP__ra_m.jpg
16,"3.5L V6 Brake & Wheel Hub ['LEXUS', 'GS200T', '2016-2017', 'LEXUS', 'GS300', '2018-2019', 'LEXUS', 'GS350', '2013-2020', 'LEXUS', 'GS450H', '2013-2018', 'LEXUS', 'IS200T', '2016-2017', 'LEXUS', 'IS300', '2016-2020', 'LEXUS', 'IS350', '2014-2020', 'LEXUS', 'RC200T', '2016-2017', 'LEXUS', 'RC300', '2016-2020', 'LEXUS', 'RC350', '2015-2020']",JBR1570XPR,LEXUS,"[{""address"":""Acura Almulla, Car Dealer Rd, Kuwait"",""location"":""https://maps.app.goo.gl/J3oPuFs33svZGpK89""}]",images/LEXUS/LEXUS___GS350___3.5L_V6___Rotor___JBR1570XPR___44664.jpg,,94,0,0,,,0,0,High Performance ,0,0,1,,Rear,,,,,,,0,,0,,,0,,,14/08/2024,1,1,Rotor,,,,Accepted,500,,LEXUS,2020,GS350,https://www.rockauto.com/info/568/JBR1570XPR__ra_m.jpg
16,"3.5L V6 Brake & Wheel Hub ['LEXUS', 'GS200T', '2016-2017', 'LEXUS', 'GS300', '2018-2019', 'LEXUS', 'GS350', '2013-2020', 'LEXUS', 'GS450H', '2013-2018', 'LEXUS', 'IS200T', '2016-2017', 'LEXUS', 'IS300', '2016-2024', 'LEXUS', 'IS350', '2011-2024', 'LEXUS', 'RC200T', '2016-2017', 'LEXUS', 'RC300', '2016-2024', 'LEXUS', 'RC350', '2015-2024']",JBR1568XPR,LEXUS,"[{""address"":""Acura Almulla, Car Dealer Rd, Kuwait"",""location"":""https://maps.app.goo.gl/J3oPuFs33svZGpK89""}]",images/LEXUS/LEXUS___GS350___3.5L_V6___Rotor___JBR1568XPR___30960.jpg,,126,0,0,,,0,0,High Performance ,0,0,1,,,,,,,,,0,,0,,,0,,,14/08/2024,1,1,Rotor,,,,Accepted,500,,LEXUS,2020,GS350,https://www.rockauto.com/info/568/JBR1568XPR__ra_m.jpg
16,"3.5L V6 Brake & Wheel Hub ['', '', '', '', '', '', '', '', '', '', '', '', '', '', '', '', '', '', '', '', '', '', '', '', '', '', '', '', '', '']",12044184,LEXUS,"[{""address"":""Acura Almulla, Car Dealer Rd, Kuwait"",""location"":""https://maps.app.goo.gl/J3oPuFs33svZGpK89""}]",images/LEXUS/LEXUS___GS350___3.5L_V6___Rotor___12044184___74910.jpg,,56,0,0,,,0,0,Daily Driver ,0,0,1,,Front Left,,,,,,,0,,0,,,0,,,14/08/2024,1,1,Rotor,,,,Accepted,500,,LEXUS,2020,GS350,https://www.rockauto.com/info/142/120.44184_Front__ra_m.jpg
16,"3.5L V6 Brake & Wheel Hub ['LEXUS', 'GS300', '2018-2019', 'LEXUS', 'GS350', '2013-2020', 'LEXUS', 'GS450H', '2013-2015', 'LEXUS', 'IS200T', '2016', 'LEXUS', 'IS300', '2016-2022', 'LEXUS', 'IS350', '2012-2022', 'LEXUS', 'RC200T', '2016-2017', 'LEXUS', 'RC300', '2016-2022', 'LEXUS', 'RC350', '2015-2022']",12044185,LEXUS,"[{""address"":""Acura Almulla, Car Dealer Rd, Kuwait"",""location"":""https://maps.app.goo.gl/J3oPuFs33svZGpK89""}]",images/LEXUS/LEXUS___GS350___3.5L_V6___Rotor___12044185___91663.jpg,,56,0,0,,,0,0,Daily Driver ,0,0,1,,Front Right,,,,,,,0,,0,,,0,,,14/08/2024,1,1,Rotor,,,,Accepted,500,,LEXUS,2020,GS350,https://www.rockauto.com/info/142/120.44185_Front__ra_m.jpg
16,"3.5L V6 Brake & Wheel Hub ['LEXUS', 'GS F', '2016-2020', 'LEXUS', 'GS300', '2018-2019', 'LEXUS', 'GS350', '2016-2020', 'LEXUS', 'RC F', '2015-2022']",22644193,LEXUS,"[{""address"":""Acura Almulla, Car Dealer Rd, Kuwait"",""location"":""https://maps.app.goo.gl/J3oPuFs33svZGpK89""}]",images/LEXUS/LEXUS___GS350___3.5L_V6___Rotor___22644193___46282.jpg,,74,0,0,,,0,0,High Performance ,0,0,1,,Rear Right,,,,,,,0,,0,,,0,,,14/08/2024,1,1,Rotor,,,,Accepted,500,,LEXUS,2020,GS350,https://www.rockauto.com/info/949/226.44193_Front__ra_m.jpg
16,"3.5L V6 Brake & Wheel Hub ['LEXUS', 'GS F', '2016-2020', 'LEXUS', 'GS300', '2018-2019', 'LEXUS', 'GS350', '2016-2020', 'LEXUS', 'RC F', '2015-2022']",22644194,LEXUS,"[{""address"":""Acura Almulla, Car Dealer Rd, Kuwait"",""location"":""https://maps.app.goo.gl/J3oPuFs33svZGpK89""}]",images/LEXUS/LEXUS___GS350___3.5L_V6___Rotor___22644194___72176.jpg,,74,0,0,,,0,0,High Performance ,0,0,1,,Rear Left,,,,,,,0,,0,,,0,,,14/08/2024,1,1,Rotor,,,,Accepted,500,,LEXUS,2020,GS350,https://www.rockauto.com/info/949/226.44194_Front__ra_m.jpg
16,"3.5L V6 Brake & Wheel Hub ['LEXUS', 'GS200T', '2016-2017', 'LEXUS', 'GS300', '2018-2019', 'LEXUS', 'GS350', '2013-2020', 'LEXUS', 'GS450H', '2015-2018', 'LEXUS', 'RC200T', '2016-2017', 'LEXUS', 'RC300', '2016-2021', 'LEXUS', 'RC350', '2015-2021']",JBR1900XPR,LEXUS,"[{""address"":""Acura Almulla, Car Dealer Rd, Kuwait"",""location"":""https://maps.app.goo.gl/J3oPuFs33svZGpK89""}]",images/LEXUS/LEXUS___GS350___3.5L_V6___Rotor___JBR1900XPR___94261.jpg,,123,0,0,,,0,0,High Performance ,0,0,1,,Front,,,,,,,0,,0,,,0,,,14/08/2024,1,1,Rotor,,,,Accepted,500,,LEXUS,2020,GS350,https://www.rockauto.com/info/568/JBR1900XPR__ra_m.jpg
16,"3.5L V6 Brake & Wheel Hub ['LEXUS', 'GS200T', '2016-2017', 'LEXUS', 'GS300', '2018-2019', 'LEXUS', 'GS350', '2013-2020', 'LEXUS', 'GS450H', '2013-2018', 'LEXUS', 'IS200T', '2016-2017', 'LEXUS', 'IS300', '2016-2020', 'LEXUS', 'IS350', '2014-2020', 'LEXUS', 'RC200T', '2016-2017', 'LEXUS', 'RC300', '2016-2020', 'LEXUS', 'RC350', '2015-2020']",WBUH275022,LEXUS,"[{""address"":""Acura Almulla, Car Dealer Rd, Kuwait"",""location"":""https://maps.app.goo.gl/J3oPuFs33svZGpK89""}]",images/LEXUS/LEXUS___GS350___3.5L_V6___Rotor___Brake_Pad_Kit___WBUH275022___41130.jpg,,296,0,0,,,0,0,Fully Coated (Maximum Protection For Rust Prone Areas) ,0,0,1,,,,,,,,,0,,0,,,0,,,14/08/2024,1,1,Rotor & Brake Pad Kit,,,,Accepted,500,,LEXUS,2020,GS350,https://www.rockauto.com/catalog/kitcollage.php?pk=16152909&size=Thumb
16,"3.5L V6 Brake & Wheel Hub ['LEXUS', 'GS200T', '2016-2017', 'LEXUS', 'GS300', '2018-2019', 'LEXUS', 'GS350', '2013-2020', 'LEXUS', 'GS450H', '2015-2018', 'LEXUS', 'RC200T', '2016-2017', 'LEXUS', 'RC300', '2016-2020', 'LEXUS', 'RC350', '2015-2020']",K845326,LEXUS,"[{""address"":""Acura Almulla, Car Dealer Rd, Kuwait"",""location"":""https://maps.app.goo.gl/J3oPuFs33svZGpK89""}]",images/LEXUS/LEXUS___GS350___3.5L_V6___Rotor___Brake_Pad_Kit___K845326___73551.jpg,,269,0,0,,,0,0,High Performance ,0,0,1,,Front,,,,,,,0,,0,,,0,,,14/08/2024,1,1,Rotor & Brake Pad Kit,,,,Accepted,500,,LEXUS,2020,GS350,https://www.rockauto.com/catalog/kitcollage.php?pk=11890869&size=Thumb
16,"3.5L V6 Brake & Wheel Hub ['LEXUS', 'GS200T', '2016-2017', 'LEXUS', 'GS300', '2018-2019', 'LEXUS', 'GS350', '2013-2020', 'LEXUS', 'GS450H', '2013-2018', 'LEXUS', 'IS200T', '2016-2017', 'LEXUS', 'IS300', '2016-2020', 'LEXUS', 'IS350', '2014-2020', 'LEXUS', 'RC200T', '2016-2017', 'LEXUS', 'RC300', '2016-2020', 'LEXUS', 'RC350', '2015-2020']",K651426,LEXUS,"[{""address"":""Acura Almulla, Car Dealer Rd, Kuwait"",""location"":""https://maps.app.goo.gl/J3oPuFs33svZGpK89""}]",images/LEXUS/LEXUS___GS350___3.5L_V6___Rotor___Brake_Pad_Kit___K651426___41444.jpg,,116,0,0,,,0,0,High Performance ,0,0,1,,Rear,,,,,,,0,,0,,,0,,,14/08/2024,1,1,Rotor & Brake Pad Kit,,,,Accepted,500,,LEXUS,2020,GS350,https://www.rockauto.com/catalog/kitcollage.php?pk=10988028&size=Thumb
16,"3.5L V6 Brake & Wheel Hub ['LEXUS', 'CT200H', '2011-2015', 'LEXUS', 'ES250', '2022-2024', 'LEXUS', 'ES300H', '2013-2024', 'LEXUS', 'ES330', '2004-2006', 'LEXUS', 'ES350', '2007-2024', 'LEXUS', 'GS300', '2006', 'LEXUS', 'GS350', '2007-2020', 'LEXUS', 'GS430', '2006-2007', 'LEXUS', 'HS250H', '2010-2012', 'LEXUS', 'IS250', '2006-2015', 'LEXUS', 'IS300', '2017-2024', 'LEXUS', 'IS350', '2014-2024', 'LEXUS', 'LS460', '2009-2017', 'LEXUS', 'LS500', '2018-2024', 'LEXUS', 'LS500H', '2018-2024', 'LEXUS', 'LS600H', '2008-2015', 'LEXUS', 'NX200T', '2015-2016', 'LEXUS', 'NX250', '2024', 'LEXUS', 'NX300', '2018-2021', 'LEXUS', 'NX300H', '2015-2021', 'LEXUS', 'NX350', '2024', 'LEXUS', 'NX350H', '2024', 'LEXUS', 'NX450H+', '2023-2024', 'LEXUS', 'RC300', '2018-2024', 'LEXUS', 'RC350', '2018-2024', 'LEXUS', 'RX330', '2004-2006', 'LEXUS', 'RX350', '2007-2024', 'LEXUS', 'RX350H', '2023-2024', 'LEXUS', 'RX400H', '2006-2007', 'LEXUS', 'RX450H', '2010-2022', 'LEXUS', 'RX450H+', '2024', 'LEXUS', 'RX450HL', '2022', 'LEXUS', 'RX500H', '2023-2024', 'LEXUS', 'RZ450E', '2023-2024', 'LEXUS', 'TX350', '2024', 'LEXUS', 'TX500H', '2024', 'LEXUS', 'UX200', '2019-2022', 'LEXUS', 'UX250H', '2019-2024', 'SCION', 'IQ', '2012-2015', 'SCION', 'TC', '2005-2015', 'SCION', 'XA', '2004-2006', 'SCION', 'XB', '2004-2015', 'SCION', 'XD', '2008-2013', 'TOYOTA', 'AVALON', '2005-2022', 'TOYOTA', 'BZ4X', '2023', 'TOYOTA', 'C-HR', '2018-2021', 'TOYOTA', 'CAMRY', '2002-2024', 'TOYOTA', 'CARINA', '1971', 'TOYOTA', 'CELICA', '2000-2005', 'TOYOTA', 'COROLLA', '1969-2024', 'TOYOTA', 'COROLLA CROSS', '2022', 'TOYOTA', 'COROLLA IM', '2017-2018', 'TOYOTA', 'CRESSIDA', '1990-1992', 'TOYOTA', 'CROWN', '1969-1972', 'TOYOTA', 'ECHO', '2001-2004', 'TOYOTA', 'HIGHLANDER', '2001-2022', 'TOYOTA', 'MATRIX', '2003-2014', 'TOYOTA', 'MIRAI', '2016-2020', 'TOYOTA', 'MR2 SPYDER', '2000-2006', 'TOYOTA', 'PICKUP', '1970-1974', 'TOYOTA', 'PRIUS', '2002-2024', 'TOYOTA', 'PRIUS C', '2012-2021', 'TOYOTA', 'PRIUS PLUG-IN', '2013-2015', 'TOYOTA', 'PRIUS PRIME', '2017-2024', 'TOYOTA', 'PRIUS V', '2012-2018', 'TOYOTA', 'RAIZE', '2022', 'TOYOTA', 'RAV4', '2002-2024', 'TOYOTA', 'RAV4 PRIME', '2021-2024', 'TOYOTA', 'SIENNA', '2004-2024', 'TOYOTA', 'SOLARA', '2004-2008', 'TOYOTA', 'VENZA', '2009-2024', 'TOYOTA', 'YARIS', '2004-2023']",615224,LEXUS,"[{""address"":""Acura Almulla, Car Dealer Rd, Kuwait"",""location"":""https://maps.app.goo.gl/J3oPuFs33svZGpK89""}]",images/LEXUS/LEXUS___GS350___3.5L_V6___Spindle_Nut___615224___74124.jpg,,4,0,0,,,0,0,none,0,0,1,,Front,,,,,,,0,,0,,,0,,,14/08/2024,1,1,Spindle Nut,,,,Accepted,500,,LEXUS,2020,GS350,https://www.rockauto.com/info/42/RB_615224_Ang__ra_m.jpg
16,"3.5L V6 Brake & Wheel Hub ['LEXUS', 'GS350', '2016-2020', 'LEXUS', 'IS350', '2017-2022', 'LEXUS', 'RC200T', '2017', 'LEXUS', 'RC300', '2017-2022', 'LEXUS', 'RC350', '2017-2022']",VCP202,LEXUS,"[{""address"":""Acura Almulla, Car Dealer Rd, Kuwait"",""location"":""https://maps.app.goo.gl/J3oPuFs33svZGpK89""}]",images/LEXUS/LEXUS___GS350___3.5L_V6___Vacuum_Pump___VCP202___68359.jpg,,300,0,0,,,0,0,none,0,0,1,,,,,,,,,0,,0,,,0,,,14/08/2024,1,1,Vacuum Pump,,,,Accepted,500,,LEXUS,2020,GS350,https://www.rockauto.com/info/154/VCP202_Front__ra_m.jpg
16,"3.5L V6 Brake & Wheel Hub ['LEXUS', 'GS300', '2006', 'LEXUS', 'GS350', '2007-2020', 'LEXUS', 'IS250', '2006-2015', 'LEXUS', 'IS300', '2016-2020', 'LEXUS', 'IS350', '2011-2020', 'LEXUS', 'RC300', '2016-2022', 'LEXUS', 'RC350', '2015-2022']",HA590139,LEXUS,"[{""address"":""Acura Almulla, Car Dealer Rd, Kuwait"",""location"":""https://maps.app.goo.gl/J3oPuFs33svZGpK89""}]",images/LEXUS/LEXUS___GS350___3.5L_V6___Wheel_Bearing___Hub___HA590139___49024.jpg,,118,0,0,,,0,0,Standard Replacement ,0,0,1,,Front Right,,,,,,,0,,0,,,0,,,14/08/2024,1,1,Wheel Bearing & Hub,,,,Accepted,500,,LEXUS,2020,GS350,https://www.rockauto.com/info/118/TM_HA590139_Ang__ra_m.jpg
16,"3.5L V6 Brake & Wheel Hub ['LEXUS', 'GS200T', '2016-2017', 'LEXUS', 'GS300', '2018-2019', 'LEXUS', 'GS350', '2013-2020', 'LEXUS', 'GS450H', '2013-2018', 'LEXUS', 'RC200T', '2016-2017', 'LEXUS', 'RC300', '2018-2022', 'LEXUS', 'RC350', '2015-2022']",HA590513,LEXUS,"[{""address"":""Acura Almulla, Car Dealer Rd, Kuwait"",""location"":""https://maps.app.goo.gl/J3oPuFs33svZGpK89""}]",images/LEXUS/LEXUS___GS350___3.5L_V6___Wheel_Bearing___Hub___HA590513___90092.jpg,,183,0,0,,,0,0,Standard Replacement ,0,0,1,,Front,,,,,,,0,,0,,,0,,,14/08/2024,1,1,Wheel Bearing & Hub,,,,Accepted,500,,LEXUS,2020,GS350,https://www.rockauto.com/info/118/TM_HA590513_Ang__ra_m.jpg
16,"3.5L V6 Brake & Wheel Hub ['LEXUS', 'GS300', '2006', 'LEXUS', 'GS350', '2007-2020', 'LEXUS', 'IS250', '2006-2015', 'LEXUS', 'IS300', '2016-2020', 'LEXUS', 'IS350', '2011-2020', 'LEXUS', 'RC300', '2016-2022', 'LEXUS', 'RC350', '2015-2022']",HA590140,LEXUS,"[{""address"":""Acura Almulla, Car Dealer Rd, Kuwait"",""location"":""https://maps.app.goo.gl/J3oPuFs33svZGpK89""}]",images/LEXUS/LEXUS___GS350___3.5L_V6___Wheel_Bearing___Hub___HA590140___79857.jpg,,121,0,0,,,0,0,Standard Replacement ,0,0,1,,Front Left,,,,,,,0,,0,,,0,,,14/08/2024,1,1,Wheel Bearing & Hub,,,,Accepted,500,,LEXUS,2020,GS350,https://www.rockauto.com/info/118/TM_HA590140_Ang__ra_m.jpg
16,"3.5L V6 Brake & Wheel Hub ['LEXUS', 'GS350', '2013-2020', 'LEXUS', 'GS450H', '2013-2018', 'LEXUS', 'IS200T', '2016-2017', 'LEXUS', 'IS250', '2014-2015', 'LEXUS', 'IS300', '2016-2021', 'LEXUS', 'IS350', '2015-2021', 'LEXUS', 'RC300', '2016-2022', 'LEXUS', 'RC350', '2015-2022']",BR930998,LEXUS,"[{""address"":""Acura Almulla, Car Dealer Rd, Kuwait"",""location"":""https://maps.app.goo.gl/J3oPuFs33svZGpK89""}]",images/LEXUS/LEXUS___GS350___3.5L_V6___Wheel_Bearing___Hub___BR930998___96220.jpg,,123,0,0,,,0,0,Standard Replacement ,0,0,1,,Rear,,,,,,,0,,0,,,0,,,14/08/2024,1,1,Wheel Bearing & Hub,,,,Accepted,500,,LEXUS,2020,GS350,https://www.rockauto.com/info/196/BR930998_1__ra_m.jpg
16,"3.5L V6 Brake & Wheel Hub ['', '', '', '', '', '', '', '', '', '', '', '', '', '', '', '', '', '', '', '', '', '', '', '']",7703200,LEXUS,"[{""address"":""Acura Almulla, Car Dealer Rd, Kuwait"",""location"":""https://maps.app.goo.gl/J3oPuFs33svZGpK89""}]",images/LEXUS/LEXUS___GS350___3.5L_V6___Wheel_Bearing___Hub___7703200___55318.jpg,,65,0,0,,,0,0,Economy ,0,0,1,,,,,,,,,0,,0,,,0,,,14/08/2024,1,1,Wheel Bearing & Hub,,,,Accepted,500,,LEXUS,2020,GS350,https://www.rockauto.com/info/424/770-3200_ANG__ra_m.jpg
16,"3.5L V6 Cooling System ['LEXUS', 'CT200H', '2011-2015', 'LEXUS', 'ES250', '2022', 'LEXUS', 'ES300H', '2013-2023', 'LEXUS', 'ES330', '2005-2006', 'LEXUS', 'ES350', '2007-2023', 'LEXUS', 'GS F', '2018-2020', 'LEXUS', 'GS200T', '2016-2017', 'LEXUS', 'GS300', '2006-2019', 'LEXUS', 'GS350', '2007-2020', 'LEXUS', 'GS430', '2006-2007', 'LEXUS', 'GS450H', '2007-2018', 'LEXUS', 'GS460', '2008-2011', 'LEXUS', 'GX460', '2010-2023', 'LEXUS', 'GX470', '2005-2007', 'LEXUS', 'HS250H', '2010-2012', 'LEXUS', 'IS F', '2008-2010', 'LEXUS', 'IS200T', '2017', 'LEXUS', 'IS250', '2006-2015', 'LEXUS', 'IS300', '2017-2022', 'LEXUS', 'IS350', '2006-2022', 'LEXUS', 'LC500', '2018-2023', 'LEXUS', 'LC500H', '2018-2023', 'LEXUS', 'LFA', '2012', 'LEXUS', 'LS430', '2006', 'LEXUS', 'LS460', '2007-2017', 'LEXUS', 'LS500', '2018-2023', 'LEXUS', 'LS500H', '2018-2023', 'LEXUS', 'LS600H', '2008-2015', 'LEXUS', 'LX470', '2005-2007', 'LEXUS', 'LX570', '2008-2019', 'LEXUS', 'LX600', '2022', 'LEXUS', 'NX200T', '2015-2016', 'LEXUS', 'NX300', '2018-2021', 'LEXUS', 'NX300H', '2015-2021', 'LEXUS', 'NX450H+', '2023', 'LEXUS', 'RC F', '2015-2022', 'LEXUS', 'RC200T', '2017', 'LEXUS', 'RC300', '2018-2022', 'LEXUS', 'RC350', '2015-2022', 'LEXUS', 'RX330', '2005-2006', 'LEXUS', 'RX350', '2007-2023', 'LEXUS', 'RX350H', '2023', 'LEXUS', 'RX400H', '2006-2007', 'LEXUS', 'RX450H', '2010-2022', 'LEXUS', 'RX450HL', '2022', 'LEXUS', 'RX500H', '2023', 'LEXUS', 'SC430', '2006-2007', 'LEXUS', 'UX200', '2019-2022', 'LEXUS', 'UX250H', '2019-2023', 'SCION', 'IQ', '2012-2015', 'SCION', 'TC', '2005-2015', 'SCION', 'XA', '2005-2006', 'SCION', 'XB', '2005-2015', 'SCION', 'XD', '2008-2013', 'TOYOTA', '4RUNNER', '2005-2023', 'TOYOTA', 'AVALON', '2005-2022', 'TOYOTA', 'AVANZA', '2007-2021', 'TOYOTA', 'C-HR', '2018-2021', 'TOYOTA', 'CAMRY', '2005-2023', 'TOYOTA', 'CELICA', '2005', 'TOYOTA', 'COROLLA', '2005-2023', 'TOYOTA', 'COROLLA CROSS', '2022', 'TOYOTA', 'COROLLA IM', '2017-2018', 'TOYOTA', 'FJ CRUISER', '2007-2014', 'TOYOTA', 'HIACE', '2006-2022', 'TOYOTA', 'HIGHLANDER', '2005-2022', 'TOYOTA', 'HILUX', '2005-2022', 'TOYOTA', 'LAND CRUISER', '2005-2021', 'TOYOTA', 'MATRIX', '2005-2014', 'TOYOTA', 'MR2 SPYDER', '2005', 'TOYOTA', 'PRIUS', '2005-2022', 'TOYOTA', 'PRIUS C', '2012-2021', 'TOYOTA', 'PRIUS PLUG-IN', '2013-2015', 'TOYOTA', 'PRIUS PRIME', '2017-2022', 'TOYOTA', 'PRIUS V', '2012-2018', 'TOYOTA', 'RAIZE', '2022', 'TOYOTA', 'RAV4', '2005-2023', 'TOYOTA', 'RAV4 PRIME', '2021-2022', 'TOYOTA', 'SEQUOIA', '2005-2023', 'TOYOTA', 'SIENNA', '2005-2022', 'TOYOTA', 'SOLARA', '2005-2008', 'TOYOTA', 'TACOMA', '2005-2023', 'TOYOTA', 'TUNDRA', '2005-2023', 'TOYOTA', 'VENZA', '2009-2022', 'TOYOTA', 'YARIS', '2006-2019']",8115209,LEXUS,"[{""address"":""Acura Almulla, Car Dealer Rd, Kuwait"",""location"":""https://maps.app.goo.gl/J3oPuFs33svZGpK89""}]",images/LEXUS/LEXUS___GS350___3.5L_V6___Coolant___Antifreeze___8115209___82732.jpg,,11,0,0,,,0,0,Standard Replacement ,0,0,1,,,,,,,,,0,,0,,,0,,,14/08/2024,1,1,Coolant / Antifreeze,,,,Accepted,500,,LEXUS,2020,GS350,https://www.rockauto.com/info/989/8115209FRO__ra_m.jpg
16,"3.5L V6 Cooling System ['LEXUS', 'CT200H', '2011-2017', 'LEXUS', 'ES300H', '2016-2023', 'LEXUS', 'GS F', '2016-2020', 'LEXUS', 'GS200T', '2016-2017', 'LEXUS', 'GS300', '2018-2019', 'LEXUS', 'GS350', '2016-2020', 'LEXUS', 'GS450H', '2013-2018', 'LEXUS', 'GS460', '2008-2011', 'LEXUS', 'HS250H', '2010-2012', 'LEXUS', 'IS F', '2008-2014', 'LEXUS', 'IS200T', '2016-2017', 'LEXUS', 'IS300', '2018-2023', 'LEXUS', 'IS350', '2018-2023', 'LEXUS', 'IS500', '2022-2023', 'LEXUS', 'LC500', '2018-2023', 'LEXUS', 'LC500H', '2018-2023', 'LEXUS', 'LS460', '2007-2017', 'LEXUS', 'LS500', '2018-2023', 'LEXUS', 'LS500H', '2018-2023', 'LEXUS', 'LS600H', '2008-2016', 'LEXUS', 'LX600', '2022-2023', 'LEXUS', 'NX200T', '2016-2017', 'LEXUS', 'NX300', '2018-2021', 'LEXUS', 'NX300H', '2016-2021', 'LEXUS', 'NX350', '2022-2023', 'LEXUS', 'NX350H', '2022-2023', 'LEXUS', 'NX450H+', '2022-2023', 'LEXUS', 'RC F', '2015-2023', 'LEXUS', 'RC200T', '2016-2017', 'LEXUS', 'RC300', '2018-2023', 'LEXUS', 'RC350', '2018-2023', 'LEXUS', 'RX350', '2023', 'LEXUS', 'RX350H', '2023', 'LEXUS', 'RX450H', '2016-2022', 'LEXUS', 'RX450HL', '2021-2022', 'LEXUS', 'RX500H', '2023', 'LEXUS', 'RZ450E', '2023', 'LEXUS', 'UX200', '2019-2020', 'LEXUS', 'UX250H', '2019-2023', 'SCION', 'IM', '2016', 'SCION', 'TC', '2011-2016', 'SCION', 'XB', '2008-2014', 'TOYOTA', 'AVALON', '2016-2022', 'TOYOTA', 'BZ4X', '2023', 'TOYOTA', 'C-HR', '2018-2022', 'TOYOTA', 'CAMRY', '2016-2023', 'TOYOTA', 'CELICA', '2000-2005', 'TOYOTA', 'COROLLA', '2019-2023', 'TOYOTA', 'COROLLA CROSS', '2023', 'TOYOTA', 'COROLLA IM', '2017-2018', 'TOYOTA', 'CROWN', '2023', 'TOYOTA', 'GR COROLLA', '2023', 'TOYOTA', 'HIGHLANDER', '2016-2023', 'TOYOTA', 'MIRAI', '2016-2023', 'TOYOTA', 'MR2 SPYDER', '2000-2005', 'TOYOTA', 'PRIUS', '2010-2023', 'TOYOTA', 'PRIUS C', '2017-2019', 'TOYOTA', 'PRIUS PLUG-IN', '2013-2015', 'TOYOTA', 'PRIUS PRIME', '2017-2023', 'TOYOTA', 'PRIUS V', '2012-2018', 'TOYOTA', 'RAV4', '2006-2023', 'TOYOTA', 'RAV4 PRIME', '2021-2023', 'TOYOTA', 'SEQUOIA', '2023', 'TOYOTA', 'SIENNA', '2021-2023', 'TOYOTA', 'TUNDRA', '2022-2023', 'TOYOTA', 'VENZA', '2021-2023']",RC0145,LEXUS,"[{""address"":""Acura Almulla, Car Dealer Rd, Kuwait"",""location"":""https://maps.app.goo.gl/J3oPuFs33svZGpK89""}]",images/LEXUS/LEXUS___GS350___3.5L_V6___Coolant_Reservoir_Cap___RC0145___34399.jpg,,3,0,0,,,0,0,none,0,0,1,,,,,,,,,0,,0,,,0,,,14/08/2024,1,1,Coolant Reservoir Cap,,,,Accepted,500,,LEXUS,2020,GS350,https://www.rockauto.com/info/1160/RC0145__ra_m.jpg
16,"3.5L V6 Cooling System ['LEXUS', 'GS350', '2016-2020', 'LEXUS', 'RC300', '2018', 'LEXUS', 'RC350', '2018-2021']",RA13701C,LEXUS,"[{""address"":""Acura Almulla, Car Dealer Rd, Kuwait"",""location"":""https://maps.app.goo.gl/J3oPuFs33svZGpK89""}]",images/LEXUS/LEXUS___GS350___3.5L_V6___Radiator___RA13701C___47515.jpg,,Out of Stock,0,0,,,0,0,none,0,0,1,,,,,,,,,0,,0,,,0,,,14/08/2024,1,1,Radiator,,,,Accepted,500,,LEXUS,2020,GS350,https://www.rockauto.com/info/1063/RA%2013701C_1_478__ra_m.jpg
16,"3.5L V6 Cooling System ['LEXUS', 'GS350', '2016-2020', 'LEXUS', 'RC300', '2016-2023', 'LEXUS', 'RC350', '2015-2023']",6010351,LEXUS,"[{""address"":""Acura Almulla, Car Dealer Rd, Kuwait"",""location"":""https://maps.app.goo.gl/J3oPuFs33svZGpK89""}]",images/LEXUS/LEXUS___GS350___3.5L_V6___Radiator_Fan_Assembly___6010351___64429.jpg,,314,0,0,,,0,0,none,0,0,1,,,,,,,,,0,,0,,,0,,,14/08/2024,1,1,Radiator Fan Assembly,,,,Accepted,500,,LEXUS,2020,GS350,https://www.rockauto.com/info/420/6010351Front__ra_m.jpg
16,"3.5L V6 Cooling System ['LEXUS', 'GS350', '2016-2020', 'LEXUS', 'GS450H', '2016-2017', 'LEXUS', 'LC500', '2018', 'LEXUS', 'LC500H', '2018-2020', 'LEXUS', 'RX350', '2016-2020', 'LEXUS', 'RX450H', '2016-2020', 'TOYOTA', 'AVALON', '2019-2021', 'TOYOTA', 'CAMRY', '2018-2022', 'TOYOTA', 'COROLLA', '2021-2022', 'TOYOTA', 'HIGHLANDER', '2017-2022', 'TOYOTA', 'PRIUS', '2016-2020', 'TOYOTA', 'PRIUS PRIME', '2017-2022', 'TOYOTA', 'SIENNA', '2017-2020', 'TOYOTA', 'TACOMA', '2016-2023']",TX273,LEXUS,"[{""address"":""Acura Almulla, Car Dealer Rd, Kuwait"",""location"":""https://maps.app.goo.gl/J3oPuFs33svZGpK89""}]",images/LEXUS/LEXUS___GS350___3.5L_V6___Temperature_Sender___Sensor___TX273___50721.jpg,,35,0,0,,,0,0,none,0,0,1,,,,,,,,,0,,0,,,0,,,14/08/2024,1,1,Temperature Sender / Sensor,,,,Accepted,500,,LEXUS,2020,GS350,https://www.rockauto.com/info/154/TX273_Front__ra_m.jpg
16,"3.5L V6 Cooling System ['LEXUS', 'GS350', '2016-2020', 'LEXUS', 'IS300', '2019-2023', 'LEXUS', 'IS350', '2018-2023', 'LEXUS', 'RC300', '2018-2021', 'LEXUS', 'RC350', '2018-2023']",1046188,LEXUS,"[{""address"":""Acura Almulla, Car Dealer Rd, Kuwait"",""location"":""https://maps.app.goo.gl/J3oPuFs33svZGpK89""}]",images/LEXUS/LEXUS___GS350___3.5L_V6___Thermostat___1046188___5910.jpg,,90,0,0,,,0,0,none,0,0,1,,,,,,,,,0,,0,,,0,,,14/08/2024,1,1,Thermostat,,,,Accepted,500,,LEXUS,2020,GS350,https://www.rockauto.com/info/595/1046-188_ANGLE__ra_m.jpg
16,"3.5L V6 Cooling System ['LEXUS', 'ES350', '2019-2021', 'LEXUS', 'GS350', '2016-2020', 'LEXUS', 'IS300', '2018-2022', 'LEXUS', 'IS350', '2018-2022', 'LEXUS', 'RC300', '2018-2021', 'LEXUS', 'RC350', '2018-2021', 'LEXUS', 'RX350', '2017-2022', 'LEXUS', 'RX450H', '2016-2020', 'LEXUS', 'RX450HL', '2021-2022', 'TOYOTA', 'AVALON', '2019-2021', 'TOYOTA', 'CAMRY', '2018-2022', 'TOYOTA', 'HIGHLANDER', '2017-2021', 'TOYOTA', 'SIENNA', '2017-2020', 'TOYOTA', 'TACOMA', '2016-2021']",C33835,LEXUS,"[{""address"":""Acura Almulla, Car Dealer Rd, Kuwait"",""location"":""https://maps.app.goo.gl/J3oPuFs33svZGpK89""}]",,,Out of Stock,0,0,,,0,0,none,0,0,1,,,,,,,,,0,,0,,,0,,,14/08/2024,1,1,Thermostat / Thermostat Housing / Water Outlet Seal,,,,Accepted,500,,LEXUS,2020,GS350,
16,"3.5L V6 Cooling System ['LEXUS', 'GS350', '2018-2020', 'LEXUS', 'IS300', '2019-2022', 'LEXUS', 'IS350', '2019-2022', 'LEXUS', 'RC300', '2019-2021', 'LEXUS', 'RC350', '2019-2021']",86320,LEXUS,"[{""address"":""Acura Almulla, Car Dealer Rd, Kuwait"",""location"":""https://maps.app.goo.gl/J3oPuFs33svZGpK89""}]",images/LEXUS/LEXUS___GS350___3.5L_V6___Thermostat_Housing___Water_Outlet___86320___23417.jpg,,36,0,0,,,0,0,none,0,0,1,,,,,,,,,0,,0,,,0,,,14/08/2024,1,1,Thermostat Housing / Water Outlet,,,,Accepted,500,,LEXUS,2020,GS350,https://www.rockauto.com/info/52/86320__ra_m.jpg
16,"3.5L V6 Cooling System ['LEXUS', 'ES350', '2019-2023', 'LEXUS', 'GS350', '2016-2020', 'LEXUS', 'IS300', '2018-2023', 'LEXUS', 'IS350', '2018-2023', 'LEXUS', 'LC500H', '2018-2023', 'LEXUS', 'LS500H', '2018-2020', 'LEXUS', 'RC300', '2018-2023', 'LEXUS', 'RC350', '2018-2023', 'LEXUS', 'RX350', '2016-2022', 'LEXUS', 'RX450H', '2016-2022', 'LEXUS', 'RX450HL', '2021-2022', 'TOYOTA', 'AVALON', '2019-2022', 'TOYOTA', 'CAMRY', '2018-2024', 'TOYOTA', 'HIGHLANDER', '2017-2022', 'TOYOTA', 'SIENNA', '2017-2020']",1703020,LEXUS,"[{""address"":""Acura Almulla, Car Dealer Rd, Kuwait"",""location"":""https://maps.app.goo.gl/J3oPuFs33svZGpK89""}]",images/LEXUS/LEXUS___GS350___3.5L_V6___Water_Pump___1703020___45659.jpg,,46,0,0,,,0,0,none,0,0,1,,,,,,,,,0,,0,,,0,,,14/08/2024,1,1,Water Pump,,,,Accepted,500,,LEXUS,2020,GS350,https://www.rockauto.com/info/424/170-3020_ANG__ra_m.jpg
16,"3.5L V6 Drivetrain ['LEXUS', 'GS200T', '2016-2017', 'LEXUS', 'GS300', '2018-2019', 'LEXUS', 'GS350', '2007-2020', 'LEXUS', 'GS450H', '2008-2018', 'LEXUS', 'GS460', '2008-2011', 'LEXUS', 'IS F', '2008-2014', 'LEXUS', 'IS200T', '2016-2017', 'LEXUS', 'IS300', '2016-2023', 'LEXUS', 'IS350', '2008-2023', 'LEXUS', 'IS500', '2022-2023', 'LEXUS', 'LS460', '2008-2017', 'LEXUS', 'LS500', '2018-2023', 'LEXUS', 'LS500H', '2018-2023', 'LEXUS', 'LS600H', '2008-2016', 'LEXUS', 'RC F', '2015-2022', 'LEXUS', 'RC200T', '2016-2017', 'LEXUS', 'RC300', '2016-2022', 'LEXUS', 'RC350', '2015-2022', 'LEXUS', 'SC430', '2008-2010']",SL260507,LEXUS,"[{""address"":""Acura Almulla, Car Dealer Rd, Kuwait"",""location"":""https://maps.app.goo.gl/J3oPuFs33svZGpK89""}]",,,Out of Stock,0,0,,,0,0,none,0,0,1,,Rear Left,,,,,,,0,,0,,,0,,,14/08/2024,1,1,Axle Shaft Seal,,,,Accepted,500,,LEXUS,2020,GS350,
16,"3.5L V6 Drivetrain ['LEXUS', 'GS200T', '2016-2017', 'LEXUS', 'GS300', '2018-2019', 'LEXUS', 'GS350', '2007-2020', 'LEXUS', 'GS450H', '2008-2018', 'LEXUS', 'GS460', '2008-2011', 'LEXUS', 'IS F', '2008-2014', 'LEXUS', 'IS200T', '2016-2017', 'LEXUS', 'IS300', '2016-2023', 'LEXUS', 'IS350', '2008-2023', 'LEXUS', 'IS500', '2022-2023', 'LEXUS', 'LS460', '2008-2017', 'LEXUS', 'LS500', '2018-2023', 'LEXUS', 'LS500H', '2018-2023', 'LEXUS', 'LS600H', '2008-2016', 'LEXUS', 'RC F', '2015-2022', 'LEXUS', 'RC200T', '2016-2017', 'LEXUS', 'RC300', '2016-2022', 'LEXUS', 'RC350', '2015-2022', 'LEXUS', 'SC430', '2008-2010']",SL260508,LEXUS,"[{""address"":""Acura Almulla, Car Dealer Rd, Kuwait"",""location"":""https://maps.app.goo.gl/J3oPuFs33svZGpK89""}]",,,Out of Stock,0,0,,,0,0,none,0,0,1,,Rear Right,,,,,,,0,,0,,,0,,,14/08/2024,1,1,Axle Shaft Seal,,,,Accepted,500,,LEXUS,2020,GS350,
16,"3.5L V6 Drivetrain ['LEXUS', 'GS350', '2013-2020', 'LEXUS', 'IS300', '2021-2022', 'LEXUS', 'IS350', '2021-2022', 'LEXUS', 'RC300', '2016-2022', 'LEXUS', 'RC350', '2015-2022']",NCV69100,LEXUS,"[{""address"":""Acura Almulla, Car Dealer Rd, Kuwait"",""location"":""https://maps.app.goo.gl/J3oPuFs33svZGpK89""}]",images/LEXUS/LEXUS___GS350___3.5L_V6___CV_Axle___NCV69100___25691.jpg,,59,0,0,,,0,0,none,0,0,1,,Front Left,,,,,,,0,,0,,,0,,,14/08/2024,1,1,CV Axle,,,,Accepted,500,,LEXUS,2020,GS350,https://www.rockauto.com/info/97/NCV69100_SPE__ra_m.jpg
16,"3.5L V6 Drivetrain ['LEXUS', 'GS350', '2013-2020', 'LEXUS', 'RC300', '2016-2022', 'LEXUS', 'RC350', '2015-2022']",NCV69096,LEXUS,"[{""address"":""Acura Almulla, Car Dealer Rd, Kuwait"",""location"":""https://maps.app.goo.gl/J3oPuFs33svZGpK89""}]",images/LEXUS/LEXUS___GS350___3.5L_V6___CV_Axle___NCV69096___673.jpg,,81,0,0,,,0,0,none,0,0,1,,Front Right,,,,,,,0,,0,,,0,,,14/08/2024,1,1,CV Axle,,,,Accepted,500,,LEXUS,2020,GS350,https://www.rockauto.com/info/97/NCV69096__ra_m.jpg
16,"3.5L V6 Drivetrain ['LEXUS', 'GS300', '2006', 'LEXUS', 'GS350', '2007-2020', 'LEXUS', 'IS250', '2006-2015', 'LEXUS', 'IS300', '2016-2024', 'LEXUS', 'IS350', '2011-2024', 'LEXUS', 'RC300', '2016-2024', 'LEXUS', 'RC350', '2015-2024']",991000,LEXUS,"[{""address"":""Acura Almulla, Car Dealer Rd, Kuwait"",""location"":""https://maps.app.goo.gl/J3oPuFs33svZGpK89""}]",,,20,0,0,,,0,0,none,0,0,1,,Front,,,,,,,0,,0,,,0,,,14/08/2024,1,1,Differential Drain Plug,,,,Accepted,500,,LEXUS,2020,GS350,
16,"3.5L V6 Drivetrain ['LEXUS', 'GS300', '2006', 'LEXUS', 'GS350', '2007-2020', 'LEXUS', 'IS250', '2006-2015', 'LEXUS', 'IS300', '2016-2020', 'LEXUS', 'IS350', '2011-2020', 'LEXUS', 'RC300', '2016-2021', 'LEXUS', 'RC350', '2015-2021']",938710,LEXUS,"[{""address"":""Acura Almulla, Car Dealer Rd, Kuwait"",""location"":""https://maps.app.goo.gl/J3oPuFs33svZGpK89""}]",images/LEXUS/LEXUS___GS350___3.5L_V6___Drive_Shaft___938710___53455.jpg,,205,0,0,,,0,0,none,0,0,1,,Front,,,,,,,0,,0,,,0,,,14/08/2024,1,1,Drive Shaft,,,,Accepted,500,,LEXUS,2020,GS350,https://www.rockauto.com/info/42/938-710-007__ra_m.jpg
16,"3.5L V6 Drivetrain ['LEXUS', 'GS F', '2016-2020', 'LEXUS', 'GS200T', '2016-2017', 'LEXUS', 'GS300', '2006', 'LEXUS', 'GS350', '2007-2020', 'LEXUS', 'GS430', '2006-2007', 'LEXUS', 'GS450H', '2007-2018', 'LEXUS', 'GS460', '2008-2011', 'LEXUS', 'IS F', '2008-2014', 'LEXUS', 'IS200T', '2016-2017', 'LEXUS', 'IS300', '2018-2022', 'LEXUS', 'IS350', '2006-2022', 'LEXUS', 'LS460', '2007-2017', 'LEXUS', 'LS600H', '2008-2016', 'LEXUS', 'LX570', '2013-2016', 'LEXUS', 'RC F', '2015-2022', 'LEXUS', 'RC200T', '2016-2017', 'LEXUS', 'RC300', '2018-2022', 'LEXUS', 'RC350', '2015-2022']",DS6519,LEXUS,"[{""address"":""Acura Almulla, Car Dealer Rd, Kuwait"",""location"":""https://maps.app.goo.gl/J3oPuFs33svZGpK89""}]",images/LEXUS/LEXUS___GS350___3.5L_V6___Drive_Shaft_Center_Support_Bearing___DS6519___50212.jpg,,39,0,0,,,0,0,Economy ,0,0,1,,,,,,,,,0,,0,,,0,,,14/08/2024,1,1,Drive Shaft Center Support Bearing,,,,Accepted,500,,LEXUS,2020,GS350,https://www.rockauto.com/info/17/DS-6519__ra_m.jpg
16,"3.5L V6 Drivetrain ['ACURA', '1996-2016', 'AUDI', '1993-2001', 'BENTLEY', '1987-2003', 'BMW', '1986-1999', 'CHEVROLET', '1985-2014', 'CHRYSLER', '1996-2002', 'DAEWOO', '1999-2000', 'DODGE', '1992-2010', 'FORD', '1993-2022', 'GMC', '1997-2015', 'HONDA', '1988-2019', 'HUMMER', '2002-2004', 'HYUNDAI', '2005', 'INFINITI', '1992-2024', 'ISUZU', '1988-1997', 'JAGUAR', '1994', 'JEEP', '1987-2015', 'KIA', '2002-2010', 'LAND ROVER', '1995-2019', 'LEXUS', '1990-2022', 'MAZDA', '1991-2015', 'MERCURY', '2005-2006', 'MITSUBISHI', '1991-2024', 'NISSAN', '1991-2024', 'OLDSMOBILE', '1993-1994', 'PEUGEOT', '1989', 'PONTIAC', '1993', 'SUBARU', '2000-2019', 'SUZUKI', '1992-2012', 'TOYOTA', '1996-2013', 'VOLKSWAGEN', '1991']",VV838,LEXUS,"[{""address"":""Acura Almulla, Car Dealer Rd, Kuwait"",""location"":""https://maps.app.goo.gl/J3oPuFs33svZGpK89""}]",images/LEXUS/LEXUS___GS350___3.5L_V6___Gear_Oil___VV838___44324.jpg,,74,0,0,,,0,0,SAE 80W-90 ,0,0,1,,Front,,,,,,,0,,0,,,0,,,14/08/2024,1,1,Gear Oil,,,,Accepted,500,,LEXUS,2020,GS350,https://www.rockauto.com/info/272/US_VAL_PAIL__ra_m.jpg
16,"3.5L V6 Drivetrain ['ACURA', '1996-2016', 'ALFA ROMEO', '2021-2023', 'ASTON MARTIN', '2010-2018', 'AUDI', '1993-2024', 'BENTLEY', '1987-2022', 'BMW', '1986-2015', 'BUGATTI', '2006-2011', 'BUICK', '2005-2024', 'CADILLAC', '2009-2025', 'CHEVROLET', '1985-2024', 'CHRYSLER', '1996-2023', 'DODGE', '1992-2023', 'FIAT', '2020', 'FORD', '1989-2024', 'FREIGHTLINER', '2002-2021', 'GENESIS', '2018-2023', 'GMC', '1997-2023', 'HONDA', '1988-2019', 'HUMMER', '2002-2005', 'HYUNDAI', '2005-2023', 'INFINITI', '1996-2024', 'ISUZU', '1988-1997', 'JAGUAR', '1992-2018', 'JEEP', '1987-2024', 'KIA', '2002-2024', 'LAMBORGHINI', '1991-2015', 'LAND ROVER', '1995-2024', 'LEXUS', '1990-2024', 'LINCOLN', '1993-2023', 'LOTUS', '1998-2011', 'MASERATI', '2007-2017', 'MAZDA', '1991-2023', 'MERCEDES-BENZ', '1993-2023', 'MERCURY', '1997-2011', 'MITSUBISHI', '1991-2024', 'NISSAN', '1991-2024', 'OLDSMOBILE', '1993-1994', 'PEUGEOT', '1987-1989', 'PONTIAC', '1993-2010', 'PORSCHE', '1985-2022', 'RAM', '2011-2022', 'SAAB', '2000-2001', 'SATURN', '2007-2010', 'SCION', '2006-2013', 'SUBARU', '2000-2022', 'SUZUKI', '1992-2012', 'TOYOTA', '1994-2022', 'VOLKSWAGEN', '1991-2024', 'VOLVO', '2008-2024']",723856,LEXUS,"[{""address"":""Acura Almulla, Car Dealer Rd, Kuwait"",""location"":""https://maps.app.goo.gl/J3oPuFs33svZGpK89""}]",images/LEXUS/LEXUS___GS350___3.5L_V6___Gear_Oil___723856___45563.jpg,,113,0,0,,,0,0,SAE 75W-90 ,0,0,1,,,,,,,,,0,,0,,,0,,,14/08/2024,1,1,Gear Oil,,,,Accepted,500,,LEXUS,2020,GS350,https://www.rockauto.com/info/272/US_VAL_PAIL__ra_m.jpg
16,"3.5L V6 Electrical ['LEXUS', 'GS350', '2016-2020', 'LEXUS', 'IS300', '2018-2023', 'LEXUS', 'IS350', '2018-2023', 'LEXUS', 'RC300', '2018-2023', 'LEXUS', 'RC350', '2018-2023']",42150,LEXUS,"[{""address"":""Acura Almulla, Car Dealer Rd, Kuwait"",""location"":""https://maps.app.goo.gl/J3oPuFs33svZGpK89""}]",images/LEXUS/LEXUS___GS350___3.5L_V6___Alternator___Generator___42150___70376.jpg,,Out of Stock,0,0,,,0,0,none,0,0,1,,,,,,,,,0,,0,,,0,,,14/08/2024,1,1,Alternator / Generator,,,,Accepted,500,,LEXUS,2020,GS350,https://www.rockauto.com/info/71/42150_ANG__ra_m.jpg
16,"3.5L V6 Electrical ['LEXUS', 'ES350', '2019-2020', 'LEXUS', 'GS350', '2020', 'LEXUS', 'IS300', '2016-2020', 'LEXUS', 'IS350', '2018-2020', 'LEXUS', 'RC300', '2018-2020', 'LEXUS', 'RC350', '2019-2020', 'TOYOTA', 'AVALON', '2019-2022', 'TOYOTA', 'CAMRY', '2018-2023']",49998,LEXUS,"[{""address"":""Acura Almulla, Car Dealer Rd, Kuwait"",""location"":""https://maps.app.goo.gl/J3oPuFs33svZGpK89""}]",images/LEXUS/LEXUS___GS350___3.5L_V6___Alternator___Generator_Pulley___49998___67306.jpg,,37,0,0,,,0,0,none,0,0,1,,,,,,,,,0,,0,,,0,,,14/08/2024,1,1,Alternator / Generator Pulley,,,,Accepted,500,,LEXUS,2020,GS350,https://www.rockauto.com/info/147/49998_VIEW%201__ra_m.jpg
16,"3.5L V6 Electrical ['AC', '1956-1963', 'ACURA', '1992-2007', 'ALFA ROMEO', '1965-1985', 'AMERICAN MOTORS', '1959-1980', 'ARMSTRONG-SIDDELEY', '1953-1959', 'ASTON MARTIN', '1950-1994', 'AUSTIN', '1949-1965', 'AUSTIN-HEALEY', '1964-1969', 'BENTLEY', '1985-2003', 'BUICK', '1963-1971', 'CHECKER', '1971', 'CHEVROLET', '1955-1977', 'CHRYSLER', '1954-1984', 'CITROEN', '1968-1975', 'DETOMASO', '1970-1985', 'DODGE', '1950-1993', 'EAGLE', '1992-1993', 'FIAT', '1962-1981', 'FORD', '1972', 'FRAZER NASH', '1956-1957', 'GMC', '1959-1971', 'HILLMAN', '1950-1951', 'HONDA', '1991-2002', 'HYUNDAI', '1989-1996', 'INFINITI', '1990-2003', 'INTERNATIONAL', '1961-1980', 'ISUZU', '1984-2001', 'JEEP', '1960-1985', 'LADA', '1986-1993', 'LAND ROVER', '1993-1999', 'LEXUS', '1998-2022', 'MAZDA', '1972-1990', 'MG', '1964-1976', 'MITSUBISHI', '1990-2011', 'MORGAN', '1979-1996', 'MORRIS', '1958-1970', 'NASH', '1956', 'NISSAN', '1963-2004', 'OLDSMOBILE', '1957-1974', 'PEUGEOT', '1976-1983', 'PLYMOUTH', '1955-1986', 'PONTIAC', '1955-1972', 'SAAB', '1965-1971', 'SCION', '2006-2010', 'SIMCA', '1964-1971', 'STUDEBAKER', '1956-1966', 'SUBARU', '1973-1996', 'SUNBEAM', '1964', 'SUZUKI', '2013', 'TOYOTA', '1970-1995', 'TRIUMPH', '1963-1978', 'VOLVO', '1967-1986']",MX24,LEXUS,"[{""address"":""Acura Almulla, Car Dealer Rd, Kuwait"",""location"":""https://maps.app.goo.gl/J3oPuFs33svZGpK89""}]",images/LEXUS/LEXUS___GS350___3.5L_V6___Battery___MX24___77115.jpg,,112,0,0,,,0,0,none,0,0,1,,,,,,,,,0,,0,,,0,,,14/08/2024,1,1,Battery,,,,Accepted,500,,LEXUS,2020,GS350,https://www.rockauto.com/info/641/MX24_FRONT__ra_m.jpg
16,"3.5L V6 Electrical ['AC', '1956-1963', 'ACURA', '1992-2007', 'ALFA ROMEO', '1953-1991', 'AMERICAN MOTORS', '1959-1980', 'ARMSTRONG-SIDDELEY', '1953-1959', 'ASTON MARTIN', '1969-1994', 'AUSTIN', '1949-1969', 'AUSTIN-HEALEY', '1957-1969', 'BENTLEY', '1949-2003', 'BRISTOL', '1949-1955', 'BUICK', '1955-2007', 'CADILLAC', '1958-1968', 'CHECKER', '1964-1973', 'CHEVROLET', '1955-2014', 'CHRYSLER', '1954-2007', 'CITROEN', '1968-1975', 'DAIMLER', '1960-1963', 'DODGE', '1956-2010', 'EAGLE', '1992-1995', 'FAIRTHORPE', '1959', 'FIAT', '1961-1981', 'FORD', '1972-1993', 'FRAZER NASH', '1956-1957', 'GMC', '1959-1971', 'HILLMAN', '1950-1965', 'HONDA', '1991-2002', 'HYUNDAI', '1987-1996', 'INFINITI', '1990-2003', 'INTERNATIONAL', '1958-1980', 'ISUZU', '1983-2008', 'JAGUAR', '1955-1990', 'JEEP', '1960-2009', 'LAND ROVER', '1967-1999', 'LEXUS', '1998-2022', 'MAZDA', '1972-1993', 'MG', '1964-1976', 'MITSUBISHI', '1990-2011', 'MORRIS', '1953-1970', 'NASH', '1955-1957', 'NISSAN', '1963-2014', 'OLDSMOBILE', '1954-1974', 'PACKARD', '1958', 'PEUGEOT', '1957-1990', 'PLYMOUTH', '1956-2000', 'PONTIAC', '1955-2008', 'RENAULT', '1967', 'RILEY', '1954-1957', 'ROLLS-ROYCE', '1951-1954', 'ROVER', '1950-1971', 'SAAB', '1966-1971', 'SATURN', '2007', 'SCION', '2006-2010', 'SIMCA', '1964-1971', 'SINGER', '1950-1960', 'SKODA', '1958-1959', 'STUDEBAKER', '1956-1966', 'SUBARU', '1972-1996', 'SUNBEAM', '1964-1970', 'SUZUKI', '2006-2013', 'TOYOTA', '1958-2022', 'TRIUMPH', '1950-1978', 'VAUXHALL', '1963', 'VOLVO', '1966-1986']",S6521B,LEXUS,"[{""address"":""Acura Almulla, Car Dealer Rd, Kuwait"",""location"":""https://maps.app.goo.gl/J3oPuFs33svZGpK89""}]",images/LEXUS/LEXUS___GS350___3.5L_V6___Battery___S6521B___55739.jpg,,141,0,0,,,0,0,none,0,0,1,,Front Left,,,,,,,0,,0,,,0,,,14/08/2024,1,1,Battery,,,,Accepted,500,,LEXUS,2020,GS350,https://www.rockauto.com/info/23/S6521Bangle__ra_m.jpg
16,"3.5L V6 Electrical ['CHEVROLET', '1998-2002', 'CHRYSLER', '2005-2006', 'DODGE', '2005-2006', 'GEO', '1992-1995', 'INFINITI', '2004-2019', 'JEEP', '2005', 'LEXUS', '1992-2023', 'NISSAN', '2000-2023', 'SCION', '2006-2015', 'TOYOTA', '1984-2023']",2060001,LEXUS,"[{""address"":""Acura Almulla, Car Dealer Rd, Kuwait"",""location"":""https://maps.app.goo.gl/J3oPuFs33svZGpK89""}]",images/LEXUS/LEXUS___GS350___3.5L_V6___Battery_Terminal___2060001___3907.jpg,,7,0,0,,,0,0,none,0,0,1,,,,,,,,,0,,0,,,0,,,14/08/2024,1,1,Battery Terminal,,,,Accepted,500,,LEXUS,2020,GS350,https://www.rockauto.com/info/31/BA2060001-1__ra_m.jpg
16,"3.5L V6 Electrical ['ACURA', '1991-2018', 'AUDI', '1974-1978', 'BMW', '1995-2020', 'BUICK', '1975-2020', 'CADILLAC', '1977-2020', 'CHEVROLET', '1975-2020', 'CHRYSLER', '1989-2019', 'DODGE', '1974-2019', 'FORD', '1984-2020', 'GEO', '1989-1995', 'GMC', '1975-2020', 'HONDA', '1976-2019', 'HYUNDAI', '1987', 'INFINITI', '1990-2019', 'ISUZU', '1983-2008', 'JAGUAR', '1974-2018', 'JEEP', '1970-2020', 'LAND ROVER', '1993-2020', 'LEXUS', '1990-2020', 'LINCOLN', '1970-2019', 'MAZDA', '1972-2020', 'MERCEDES-BENZ', '1973-2020', 'MERCURY', '1971-2011', 'MG', '1973-1976', 'MITSUBISHI', '1983-2020', 'NISSAN', '1983-2020', 'OLDSMOBILE', '1975-2003', 'PEUGEOT', '1976-2020', 'PLYMOUTH', '1974-2000', 'PONTIAC', '1975-2010', 'PORSCHE', '1973-2020', 'RAM', '2011-2020', 'SAAB', '1981-2010', 'SATURN', '2003-2010', 'SUBARU', '1978-2019', 'SUZUKI', '1986-2016', 'TOYOTA', '1970-2019', 'VOLKSWAGEN', '1970-2020', 'VOLVO', '1970-2020', 'YUGO', '1988-1990']",6604523,LEXUS,"[{""address"":""Acura Almulla, Car Dealer Rd, Kuwait"",""location"":""https://maps.app.goo.gl/J3oPuFs33svZGpK89""}]",images/LEXUS/LEXUS___GS350___3.5L_V6___Horn___6604523___11670.jpg,,26,0,0,,,0,0,Accessory Replacement ,0,0,1,,,,,,,,,0,,0,,,0,,,14/08/2024,1,1,Horn,,,,Accepted,500,,LEXUS,2020,GS350,https://www.rockauto.com/info/883/6604523__ra_m.jpg
16,"3.5L V6 Electrical ['LEXUS', 'GS200T', '2016', 'LEXUS', 'GS300', '2005-2006', 'LEXUS', 'GS350', '2007-2020', 'LEXUS', 'GS430', '2005-2007', 'LEXUS', 'GS450H', '2013-2018', 'LEXUS', 'GX460', '2010-2020', 'LEXUS', 'GX470', '2003-2009', 'LEXUS', 'HS250H', '2010-2011', 'LEXUS', 'IS250', '2006-2015', 'LEXUS', 'IS300', '2005', 'LEXUS', 'IS350', '2006-2020', 'LEXUS', 'LS430', '2004', 'LEXUS', 'LX470', '2000-2007', 'LEXUS', 'LX570', '2008-2011', 'LEXUS', 'RC350', '2015-2020', 'LEXUS', 'SC430', '2005-2010', 'PONTIAC', 'VIBE', '2003-2006', 'SCION', 'XA', '2004-2006', 'SCION', 'XB', '2004-2006', 'SCION', 'XD', '2008-2014', 'TOYOTA', '4RUNNER', '2005-2020', 'TOYOTA', 'CELICA', '2001-2005', 'TOYOTA', 'COROLLA', '2009-2016', 'TOYOTA', 'ECHO', '2000-2005', 'TOYOTA', 'FJ CRUISER', '2007-2014', 'TOYOTA', 'LAND CRUISER', '1992-2007', 'TOYOTA', 'MATRIX', '2003-2014', 'TOYOTA', 'RAV4', '1996-1999', 'TOYOTA', 'SEQUOIA', '2005-2012', 'TOYOTA', 'TACOMA', '2005-2015', 'TOYOTA', 'TUNDRA', '2005-2019', 'TOYOTA', 'YARIS', '2006-2016']",5S5430,LEXUS,"[{""address"":""Acura Almulla, Car Dealer Rd, Kuwait"",""location"":""https://maps.app.goo.gl/J3oPuFs33svZGpK89""}]",images/LEXUS/LEXUS___GS350___3.5L_V6___Speed_Sensor___5S5430___14726.jpg,,9,0,0,,,0,0,Standard Replacement ,0,0,1,,,,,,,,,0,,0,,,0,,,14/08/2024,1,1,Speed Sensor,,,,Accepted,500,,LEXUS,2020,GS350,https://www.rockauto.com/info/903/5S5430__ra_m.jpg
16,"3.5L V6 Electrical ['LEXUS', 'GS F', '2016-2020', 'LEXUS', 'GS200T', '2016-2017', 'LEXUS', 'GS300', '2018-2019', 'LEXUS', 'GS350', '2014-2020', 'LEXUS', 'GS460', '2008-2011', 'LEXUS', 'IS F', '2008-2014', 'LEXUS', 'IS200T', '2016-2017', 'LEXUS', 'IS300', '2018-2021', 'LEXUS', 'IS350', '2014-2017', 'LEXUS', 'LS460', '2007-2017', 'LEXUS', 'LX570', '2016-2021', 'LEXUS', 'RC F', '2015-2021', 'LEXUS', 'RC200T', '2016', 'LEXUS', 'RC300', '2018-2021', 'LEXUS', 'RC350', '2015-2018', 'TOYOTA', 'COROLLA', '2020-2021', 'TOYOTA', 'LAND CRUISER', '2016-2021']",0900018,LEXUS,"[{""address"":""Acura Almulla, Car Dealer Rd, Kuwait"",""location"":""https://maps.app.goo.gl/J3oPuFs33svZGpK89""}]",images/LEXUS/LEXUS___GS350___3.5L_V6___Speed_Sensor___0900018___7509.jpg,,39,0,0,,,0,0,Economy ,0,0,1,,Right,,,,,,,0,,0,,,0,,,14/08/2024,1,1,Speed Sensor,,,,Accepted,500,,LEXUS,2020,GS350,https://www.rockauto.com/info/31/BA0900018-1__ra_m.jpg
16,"3.5L V6 Electrical ['LEXUS', 'GS350', '2016-2020', 'LEXUS', 'IS300', '2018-2024', 'LEXUS', 'IS350', '2018-2024', 'LEXUS', 'RC300', '2018-2024', 'LEXUS', 'RC350', '2018-2024']",19633,LEXUS,"[{""address"":""Acura Almulla, Car Dealer Rd, Kuwait"",""location"":""https://maps.app.goo.gl/J3oPuFs33svZGpK89""}]",images/LEXUS/LEXUS___GS350___3.5L_V6___Starter_Motor___19633___48447.jpg,,87,0,0,,,0,0,none,0,0,1,,,,,,,,,0,,0,,,0,,,14/08/2024,1,1,Starter Motor,,,,Accepted,500,,LEXUS,2020,GS350,https://www.rockauto.com/info/466/19633-ANG__ra_m.jpg
16,"3.5L V6 Electrical-Bulb & Socket ['HONDA', 'CR-Z', '2011-2016', 'LEXUS', 'ES300H', '2013-2015', 'LEXUS', 'ES350', '2007-2015', 'LEXUS', 'GS300', '2005-2006', 'LEXUS', 'GS350', '2007-2020', 'LEXUS', 'GS430', '2005-2007', 'LEXUS', 'GS450H', '2007-2015', 'LEXUS', 'GS460', '2008-2011', 'LEXUS', 'GX460', '2010-2013', 'LEXUS', 'IS F', '2008-2014', 'LEXUS', 'IS200T', '2016', 'LEXUS', 'IS250', '2006-2015', 'LEXUS', 'IS300', '2016', 'LEXUS', 'IS350', '2006-2016', 'LEXUS', 'LFA', '2012', 'LEXUS', 'LS460', '2007-2017', 'LEXUS', 'LS600H', '2008-2012', 'LEXUS', 'LX570', '2013-2015', 'LEXUS', 'RX350', '2010-2015', 'LEXUS', 'RX450H', '2010-2015', 'LEXUS', 'SC430', '2006-2010', 'MAZDA', '3', '2014-2016', 'MAZDA', '6', '2014-2015', 'MAZDA', 'CX-5', '2013-2015', 'MAZDA', 'CX-9', '2013-2015', 'SCION', 'FR-S', '2015-2016', 'SUBARU', 'BRZ', '2013-2016', 'SUBARU', 'LEGACY', '2015-2017', 'SUBARU', 'OUTBACK', '2015-2017', 'TOYOTA', 'AVALON', '2011-2018', 'TOYOTA', 'CAMRY', '2012-2014', 'TOYOTA', 'LAND CRUISER', '2013-2015', 'TOYOTA', 'SIENNA', '2011-2020', 'TOYOTA', 'SOLARA', '2007-2008', 'TOYOTA', 'VENZA', '2009-2016']",D4S,LEXUS,"[{""address"":""Acura Almulla, Car Dealer Rd, Kuwait"",""location"":""https://maps.app.goo.gl/J3oPuFs33svZGpK89""}]",,,75,0,0,,,0,0,none,0,0,1,,,,,,,,,0,,0,,,0,,,14/08/2024,1,1,Headlamp Bulb,,,,Accepted,500,,LEXUS,2020,GS350,
16,"3.5L V6 Electrical-Bulb & Socket ['ACURA', '1996-2013', 'ALFA ROMEO', '1991', 'AMERICAN MOTORS', '1968-1984', 'ASUNA', '1993', 'BMW', '1969-1971', 'BUICK', '1963-2016', 'CADILLAC', '1977-2016', 'CHEVROLET', '1967-2019', 'CHRYSLER', '1971-2021', 'DAIHATSU', '1992', 'DODGE', '1970-2021', 'EAGLE', '1988-1995', 'FERRARI', '1986', 'FIAT', '1970-1981', 'FORD', '1961-2018', 'GEO', '1989-1995', 'GMC', '1971-2020', 'HONDA', '1990-2019', 'HUMMER', '1992-2005', 'HYUNDAI', '1987-2003', 'INFINITI', '1990-2019', 'INTERNATIONAL', '1973-1980', 'ISUZU', '1984-2008', 'JEEP', '1972-2020', 'KIA', '2021', 'LADA', '1986-1991', 'LEXUS', '1990-2019', 'LINCOLN', '1966-2014', 'MASERATI', '1983-1984', 'MAZDA', '1972-2017', 'MERCURY', '1968-2011', 'MITSUBISHI', '1983-2009', 'NISSAN', '1975-2016', 'OLDSMOBILE', '1964-2003', 'PASSPORT', '1988-1990', 'PLYMOUTH', '1969-2000', 'PONTIAC', '1967-2010', 'RAM', '2011-2020', 'RENAULT', '1981-1987', 'ROLLS-ROYCE', '1971-1974', 'SAAB', '2008', 'SATURN', '1993-2010', 'SCION', '2006-2013', 'SUBARU', '1978-2019', 'SUZUKI', '1985-2006', 'TOYOTA', '1968-2019', 'TRIUMPH', '1978-1979', 'VOLKSWAGEN', '1981-1984', 'VOLVO', '1967-1971', 'VPG', '2012', 'YUGO', '1988-1990']",194LL,LEXUS,"[{""address"":""Acura Almulla, Car Dealer Rd, Kuwait"",""location"":""https://maps.app.goo.gl/J3oPuFs33svZGpK89""}]",images/LEXUS/LEXUS___GS350___3.5L_V6___Trunk_or_Cargo_Area_Light_Bulb___194LL___26280.jpg,,3,0,0,,,0,0,Extended Life ,0,0,1,,,,,,,,,0,,0,,,0,,,14/08/2024,1,1,Trunk or Cargo Area Light Bulb,,,,Accepted,500,,LEXUS,2020,GS350,https://www.rockauto.com/info/35/LWL_194LL_P04_TOP__ra_m.jpg
16,"3.5L V6 Electrical-Connector ['CADILLAC', '2003-2004', 'CHEVROLET', '1998-2010', 'GEO', '1990-1996', 'GMC', '2003-2010', 'HONDA', '2004-2008', 'JAGUAR', '1995-1996', 'LEXUS', '2001-2023', 'MAZDA', '1996-2012', 'PONTIAC', '1998', 'SCION', '2006-2015', 'SUBARU', '1990-2018', 'SUZUKI', '1998-2006', 'TOYOTA', '1991-2022']",S1028,LEXUS,"[{""address"":""Acura Almulla, Car Dealer Rd, Kuwait"",""location"":""https://maps.app.goo.gl/J3oPuFs33svZGpK89""}]",images/LEXUS/LEXUS___GS350___3.5L_V6___A_C_Refrigerant_Pressure_Sensor_Connector___S1028___79008.jpg,,21,0,0,,,0,0,none,0,0,1,,,,,,,,,0,,0,,,0,,,14/08/2024,1,1,A/C Refrigerant Pressure Sensor Connector,,,,Accepted,500,,LEXUS,2020,GS350,https://www.rockauto.com/info/154/S-1028_Front__ra_m.jpg
16,"3.5L V6 Electrical-Connector ['BUICK', 'LUCERNE', '2010-2011', 'CHEVROLET', 'IMPALA', '2009-2011', 'CHEVROLET', 'MALIBU', '2009-2010', 'CHEVROLET', 'UPLANDER', '2009', 'LEXUS', 'CT200H', '2011-2017', 'LEXUS', 'ES300H', '2013-2019', 'LEXUS', 'ES350', '2007-2020', 'LEXUS', 'GS F', '2016-2019', 'LEXUS', 'GS200T', '2016-2017', 'LEXUS', 'GS300', '2006-2019', 'LEXUS', 'GS350', '2007-2020', 'LEXUS', 'GS450H', '2007-2018', 'LEXUS', 'GS460', '2008-2011', 'LEXUS', 'GX460', '2010-2020', 'LEXUS', 'IS F', '2008-2014', 'LEXUS', 'IS200T', '2016-2017', 'LEXUS', 'IS250', '2006-2015', 'LEXUS', 'IS300', '2016-2020', 'LEXUS', 'IS350', '2006-2020', 'LEXUS', 'LC500', '2018-2019', 'LEXUS', 'LC500H', '2018-2020', 'LEXUS', 'LFA', '2012', 'LEXUS', 'LS460', '2007-2017', 'LEXUS', 'LS500H', '2018-2020', 'LEXUS', 'LS600H', '2008-2016', 'LEXUS', 'LX570', '2008-2020', 'LEXUS', 'NX200T', '2015-2017', 'LEXUS', 'NX300', '2018-2020', 'LEXUS', 'NX300H', '2015-2019', 'LEXUS', 'RC F', '2015-2019', 'LEXUS', 'RC200T', '2016-2017', 'LEXUS', 'RC300', '2016-2020', 'LEXUS', 'RC350', '2015-2019', 'LEXUS', 'RX350', '2007-2020', 'LEXUS', 'RX450H', '2010-2020', 'MAZDA', 'RX-8', '2009-2011', 'PONTIAC', 'G6', '2009', 'PONTIAC', 'VIBE', '2010', 'SATURN', 'VUE', '2009', 'SCION', 'IM', '2016', 'SCION', 'IQ', '2012-2015', 'SCION', 'TC', '2011-2016', 'SCION', 'XD', '2008-2014', 'TOYOTA', '4RUNNER', '2005-2020', 'TOYOTA', 'AVALON', '2005-2022', 'TOYOTA', 'C-HR', '2018-2020', 'TOYOTA', 'CAMRY', '2007-2019', 'TOYOTA', 'COROLLA', '2009-2019', 'TOYOTA', 'COROLLA IM', '2017-2018', 'TOYOTA', 'FJ CRUISER', '2007-2014', 'TOYOTA', 'HIGHLANDER', '2008-2019', 'TOYOTA', 'HILUX', '2018', 'TOYOTA', 'LAND CRUISER', '2008-2020', 'TOYOTA', 'MATRIX', '2009-2013', 'TOYOTA', 'PRIUS', '2010-2020', 'TOYOTA', 'PRIUS PLUG-IN', '2014-2015', 'TOYOTA', 'PRIUS PRIME', '2017-2019', 'TOYOTA', 'PRIUS V', '2012-2017', 'TOYOTA', 'RAV4', '2007-2018', 'TOYOTA', 'SEQUOIA', '2008-2020', 'TOYOTA', 'SIENNA', '2007-2020', 'TOYOTA', 'TACOMA', '2005-2020', 'TOYOTA', 'TUNDRA', '2005-2020', 'TOYOTA', 'VENZA', '2009-2016']",S2837,LEXUS,"[{""address"":""Acura Almulla, Car Dealer Rd, Kuwait"",""location"":""https://maps.app.goo.gl/J3oPuFs33svZGpK89""}]",images/LEXUS/LEXUS___GS350___3.5L_V6___Camshaft_Position_Sensor_Connector___S2837___35129.jpg,,5,0,0,,,0,0,none,0,0,1,,,,,,,,,0,,0,,,0,,,14/08/2024,1,1,Camshaft Position Sensor Connector,,,,Accepted,500,,LEXUS,2020,GS350,https://www.rockauto.com/info/154/S2837_Front__ra_m.jpg
16,"3.5L V6 Electrical-Connector ['BUICK', 'LUCERNE', '2010-2011', 'CHEVROLET', 'IMPALA', '2009-2011', 'CHEVROLET', 'MALIBU', '2009-2010', 'CHEVROLET', 'UPLANDER', '2009', 'LEXUS', 'CT200H', '2011-2017', 'LEXUS', 'ES300H', '2013-2019', 'LEXUS', 'ES350', '2007-2020', 'LEXUS', 'GS F', '2016-2019', 'LEXUS', 'GS200T', '2016-2017', 'LEXUS', 'GS300', '2006-2019', 'LEXUS', 'GS350', '2007-2020', 'LEXUS', 'GS450H', '2007-2018', 'LEXUS', 'GS460', '2008-2011', 'LEXUS', 'GX460', '2010-2020', 'LEXUS', 'IS F', '2008-2014', 'LEXUS', 'IS200T', '2016-2017', 'LEXUS', 'IS250', '2006-2015', 'LEXUS', 'IS300', '2016-2020', 'LEXUS', 'IS350', '2006-2020', 'LEXUS', 'LC500', '2018-2019', 'LEXUS', 'LC500H', '2018-2020', 'LEXUS', 'LFA', '2012', 'LEXUS', 'LS460', '2007-2017', 'LEXUS', 'LS500H', '2018-2020', 'LEXUS', 'LS600H', '2008-2016', 'LEXUS', 'LX570', '2008-2020', 'LEXUS', 'NX200T', '2015-2017', 'LEXUS', 'NX300', '2018-2020', 'LEXUS', 'NX300H', '2015-2019', 'LEXUS', 'RC F', '2015-2019', 'LEXUS', 'RC200T', '2016-2017', 'LEXUS', 'RC300', '2016-2020', 'LEXUS', 'RC350', '2015-2019', 'LEXUS', 'RX350', '2007-2020', 'LEXUS', 'RX450H', '2010-2020', 'MAZDA', 'RX-8', '2009-2011', 'PONTIAC', 'G6', '2009', 'PONTIAC', 'VIBE', '2010', 'SATURN', 'VUE', '2009', 'SCION', 'IM', '2016', 'SCION', 'IQ', '2012-2015', 'SCION', 'TC', '2011-2016', 'SCION', 'XD', '2008-2014', 'TOYOTA', '4RUNNER', '2005-2020', 'TOYOTA', 'AVALON', '2005-2022', 'TOYOTA', 'C-HR', '2018-2020', 'TOYOTA', 'CAMRY', '2007-2019', 'TOYOTA', 'COROLLA', '2009-2019', 'TOYOTA', 'COROLLA IM', '2017-2018', 'TOYOTA', 'FJ CRUISER', '2007-2014', 'TOYOTA', 'HIGHLANDER', '2008-2019', 'TOYOTA', 'HILUX', '2018', 'TOYOTA', 'LAND CRUISER', '2008-2020', 'TOYOTA', 'MATRIX', '2009-2013', 'TOYOTA', 'PRIUS', '2010-2020', 'TOYOTA', 'PRIUS PLUG-IN', '2014-2015', 'TOYOTA', 'PRIUS PRIME', '2017-2019', 'TOYOTA', 'PRIUS V', '2012-2017', 'TOYOTA', 'RAV4', '2007-2018', 'TOYOTA', 'SEQUOIA', '2008-2020', 'TOYOTA', 'SIENNA', '2007-2020', 'TOYOTA', 'TACOMA', '2005-2020', 'TOYOTA', 'TUNDRA', '2005-2020', 'TOYOTA', 'VENZA', '2009-2016']",S2837,LEXUS,"[{""address"":""Acura Almulla, Car Dealer Rd, Kuwait"",""location"":""https://maps.app.goo.gl/J3oPuFs33svZGpK89""}]",images/LEXUS/LEXUS___GS350___3.5L_V6___Crankshaft_Position_Sensor_Connector___S2837___59832.jpg,,5,0,0,,,0,0,none,0,0,1,,,,,,,,,0,,0,,,0,,,14/08/2024,1,1,Crankshaft Position Sensor Connector,,,,Accepted,500,,LEXUS,2020,GS350,https://www.rockauto.com/info/154/S2837_Front__ra_m.jpg
16,"3.5L V6 Electrical-Connector ['BUICK', 'LUCERNE', '2007-2010', 'CADILLAC', 'DTS', '2007-2011', 'CADILLAC', 'SRX', '2007-2009', 'CADILLAC', 'STS', '2007-2010', 'CADILLAC', 'XLR', '2007-2009', 'CHEVROLET', 'PRIZM', '2001-2002', 'HYUNDAI', 'ELANTRA', '2002-2003', 'JAGUAR', 'S-TYPE', '2003-2008', 'JAGUAR', 'VANDEN PLAS', '2000-2003', 'JAGUAR', 'X-TYPE', '2003-2008', 'JAGUAR', 'XJ8', '2000-2003', 'JAGUAR', 'XJR', '1999-2002', 'JAGUAR', 'XK8', '2000-2002', 'JAGUAR', 'XKR', '2000-2002', 'LAND ROVER', 'LR2', '2010-2012', 'LEXUS', 'CT200H', '2011-2015', 'LEXUS', 'ES300', '1999-2000', 'LEXUS', 'ES300H', '2013-2018', 'LEXUS', 'ES330', '2004-2006', 'LEXUS', 'ES350', '2007-2022', 'LEXUS', 'GS200T', '2016-2017', 'LEXUS', 'GS300', '2006-2019', 'LEXUS', 'GS350', '2007-2020', 'LEXUS', 'GS430', '2001-2007', 'LEXUS', 'GS450H', '2007-2018', 'LEXUS', 'GX460', '2010-2022', 'LEXUS', 'GX470', '2003-2007', 'LEXUS', 'HS250H', '2010-2012', 'LEXUS', 'IS200T', '2017', 'LEXUS', 'IS250', '2006-2015', 'LEXUS', 'IS300', '2017-2022', 'LEXUS', 'IS350', '2006-2022', 'LEXUS', 'LC500H', '2018-2021', 'LEXUS', 'LS430', '2001-2006', 'LEXUS', 'LS460', '2007-2017', 'LEXUS', 'LS500H', '2018-2021', 'LEXUS', 'LS600H', '2008-2015', 'LEXUS', 'LX470', '1998-2007', 'LEXUS', 'LX570', '2008-2019', 'LEXUS', 'NX200T', '2015-2016', 'LEXUS', 'NX300', '2018-2021', 'LEXUS', 'NX300H', '2015-2021', 'LEXUS', 'RC200T', '2017', 'LEXUS', 'RC300', '2018-2022', 'LEXUS', 'RC350', '2015-2022', 'LEXUS', 'RX300', '1999-2003', 'LEXUS', 'RX330', '2004-2006', 'LEXUS', 'RX350', '2007-2022', 'LEXUS', 'RX400H', '2006-2007', 'LEXUS', 'RX450H', '2010-2022', 'LEXUS', 'RX450HL', '2022', 'LEXUS', 'SC430', '2002-2007', 'PONTIAC', 'VIBE', '2003-2010', 'SCION', 'IQ', '2012-2015', 'SCION', 'TC', '2005-2015', 'SCION', 'XA', '2004-2006', 'SCION', 'XB', '2004-2015', 'SCION', 'XD', '2008-2013', 'TOYOTA', '4RUNNER', '2003-2022', 'TOYOTA', 'AVALON', '2000-2022', 'TOYOTA', 'C-HR', '2018-2021', 'TOYOTA', 'CAMRY', '2002-2022', 'TOYOTA', 'CELICA', '2000-2005', 'TOYOTA', 'COROLLA', '2000-2022', 'TOYOTA', 'COROLLA IM', '2017-2018', 'TOYOTA', 'ECHO', '2001-2004', 'TOYOTA', 'FJ CRUISER', '2012-2014', 'TOYOTA', 'HIGHLANDER', '2001-2022', 'TOYOTA', 'LAND CRUISER', '1998-2021', 'TOYOTA', 'MATRIX', '2003-2013', 'TOYOTA', 'MR2 SPYDER', '2000-2005', 'TOYOTA', 'PRIUS', '2002-2022', 'TOYOTA', 'PRIUS C', '2012-2019', 'TOYOTA', 'PRIUS PLUG-IN', '2013-2015', 'TOYOTA', 'PRIUS PRIME', '2017-2022', 'TOYOTA', 'PRIUS V', '2012-2017', 'TOYOTA', 'RAV4', '2002-2018', 'TOYOTA', 'SEQUOIA', '2002-2022', 'TOYOTA', 'SIENNA', '2002-2020', 'TOYOTA', 'SOLARA', '2002-2006', 'TOYOTA', 'TACOMA', '2000-2022', 'TOYOTA', 'TUNDRA', '2000-2021', 'TOYOTA', 'VENZA', '2009-2015', 'TOYOTA', 'YARIS', '2007-2018', 'VOLVO', 'S60', '2012-2016', 'VOLVO', 'S80', '2007-2013', 'VOLVO', 'V60', '2015-2016', 'VOLVO', 'V70', '2008-2010', 'VOLVO', 'XC60', '2010-2016', 'VOLVO', 'XC70', '2009-2014', 'VOLVO', 'XC90', '2006-2014']",2701082,LEXUS,"[{""address"":""Acura Almulla, Car Dealer Rd, Kuwait"",""location"":""https://maps.app.goo.gl/J3oPuFs33svZGpK89""}]",images/LEXUS/LEXUS___GS350___3.5L_V6___Ignition_Coil_Connector___2701082___88324.jpg,,16,0,0,,,0,0,none,0,0,1,,,,,,,,,0,,0,,,0,,,14/08/2024,1,1,Ignition Coil Connector,,,,Accepted,500,,LEXUS,2020,GS350,https://www.rockauto.com/info/724/270-1082_1__ra_m.jpg
16,"3.5L V6 Electrical-Connector ['BUICK', '2007', 'CADILLAC', '2004-2006', 'CHEVROLET', '1999-2002', 'JAGUAR', '1999-2009', 'LAND ROVER', '2006-2012', 'LEXUS', '1998-2023', 'LOTUS', '2005-2021', 'PONTIAC', '2007-2010', 'SCION', '2006-2015', 'TOYOTA', '1999-2023', 'VOLVO', '2006-2016']",S2527,LEXUS,"[{""address"":""Acura Almulla, Car Dealer Rd, Kuwait"",""location"":""https://maps.app.goo.gl/J3oPuFs33svZGpK89""}]",images/LEXUS/LEXUS___GS350___3.5L_V6___Manifold_Pressure__MAP__Sensor_Connector___S2527___54858.jpg,,5,0,0,,,0,0,none,0,0,1,,,,,,,,,0,,0,,,0,,,14/08/2024,1,1,Manifold Pressure (MAP) Sensor Connector,,,,Accepted,500,,LEXUS,2020,GS350,https://www.rockauto.com/info/154/S2527_Front__ra_m.jpg
16,"3.5L V6 Electrical-Connector ['CHEVROLET', 'EXPRESS 2500', '2007-2010', 'CHEVROLET', 'EXPRESS 3500', '2007-2010', 'CHEVROLET', 'EXPRESS 4500', '2009-2010', 'CHEVROLET', 'SILVERADO 2500', '2007-2010', 'CHEVROLET', 'SILVERADO 3500', '2007-2010', 'GMC', 'SAVANA 2500', '2007-2010', 'GMC', 'SAVANA 3500', '2008-2010', 'GMC', 'SAVANA 4500', '2009-2010', 'GMC', 'SIERRA 2500', '2007-2010', 'GMC', 'SIERRA 2500 CLASSIC', '2007', 'GMC', 'SIERRA 3500', '2007-2010', 'HONDA', 'CIVIC', '2016-2023', 'HONDA', 'CR-V', '2017-2019', 'LEXUS', 'CT200H', '2011-2017', 'LEXUS', 'ES350', '2013-2018', 'LEXUS', 'GS350', '2013-2020', 'LEXUS', 'GX460', '2010-2022', 'LEXUS', 'GX470', '2006-2009', 'LEXUS', 'IS250', '2014-2015', 'LEXUS', 'LX470', '2005-2007', 'LEXUS', 'LX570', '2008-2021', 'LEXUS', 'RX350', '2010-2015', 'LEXUS', 'RX450H', '2010-2015', 'MAZDA', '3', '2012-2018', 'MAZDA', '6', '2014-2021', 'MAZDA', 'CX-5', '2013-2021', 'PONTIAC', 'VIBE', '2009-2010', 'SCION', 'FR-S', '2013-2015', 'SCION', 'TC', '2011-2016', 'SUBARU', 'CROSSTREK', '2016-2017', 'SUBARU', 'FORESTER', '2009-2018', 'SUBARU', 'IMPREZA', '2008-2015', 'SUBARU', 'IMPREZA R', '2009-2012', 'SUBARU', 'IMPREZA SPORT', '2008-2011', 'SUBARU', 'LEGACY', '2008-2014', 'SUBARU', 'OUTBACK', '2010-2015', 'SUBARU', 'WRX', '2012-2014', 'SUBARU', 'WRX STI', '2014', 'SUBARU', 'XV CROSSTREK', '2013-2015', 'TOYOTA', '4RUNNER', '2005-2022', 'TOYOTA', '86', '2017-2020', 'TOYOTA', 'AVALON', '2013-2019', 'TOYOTA', 'CAMRY', '2012-2017', 'TOYOTA', 'COROLLA', '2009-2019', 'TOYOTA', 'FJ CRUISER', '2007-2014', 'TOYOTA', 'HIGHLANDER', '2011-2019', 'TOYOTA', 'LAND CRUISER', '2005-2021', 'TOYOTA', 'MATRIX', '2009-2014', 'TOYOTA', 'PRIUS', '2010-2022', 'TOYOTA', 'PRIUS C', '2012-2019', 'TOYOTA', 'PRIUS V', '2012-2017', 'TOYOTA', 'RAV4', '2013-2018', 'TOYOTA', 'SEQUOIA', '2005-2022', 'TOYOTA', 'SIENNA', '2011-2016', 'TOYOTA', 'TACOMA', '2005-2022', 'TOYOTA', 'TUNDRA', '2005-2015', 'VOLVO', 'S60', '2012-2018', 'VOLVO', 'V60', '2014-2016', 'VOLVO', 'XC60', '2015-2016', 'VOLVO', 'XC70', '2015-2016']",S1712,LEXUS,"[{""address"":""Acura Almulla, Car Dealer Rd, Kuwait"",""location"":""https://maps.app.goo.gl/J3oPuFs33svZGpK89""}]",images/LEXUS/LEXUS___GS350___3.5L_V6___Mass_Air_Flow__MAF__Sensor_Connector___S1712___89670.jpg,,35,0,0,,,0,0,none,0,0,1,,,,,,,,,0,,0,,,0,,,14/08/2024,1,1,Mass Air Flow (MAF) Sensor Connector,,,,Accepted,500,,LEXUS,2020,GS350,https://www.rockauto.com/info/154/S-1712_Front__ra_m.jpg
16,"3.5L V6 Electrical-Connector ['LEXUS', 'CT200H', '2014-2017', 'LEXUS', 'ES300H', '2013-2018', 'LEXUS', 'ES350', '2013-2018', 'LEXUS', 'GS F', '2016-2020', 'LEXUS', 'GS200T', '2016', 'LEXUS', 'GS300', '2018-2019', 'LEXUS', 'GS350', '2015-2020', 'LEXUS', 'GS450H', '2013-2018', 'LEXUS', 'GX460', '2013-2020', 'LEXUS', 'IS200T', '2016', 'LEXUS', 'IS250', '2013-2015', 'LEXUS', 'IS300', '2016-2020', 'LEXUS', 'IS350', '2013-2020', 'LEXUS', 'NX200T', '2015-2017', 'LEXUS', 'NX300H', '2015-2017', 'LEXUS', 'RC F', '2015-2017', 'LEXUS', 'RC200T', '2016', 'LEXUS', 'RC300', '2016-2017', 'LEXUS', 'RC350', '2015-2017', 'LEXUS', 'RX350', '2013-2017', 'LEXUS', 'RX450H', '2013-2021']",AXABHLX1,LEXUS,"[{""address"":""Acura Almulla, Car Dealer Rd, Kuwait"",""location"":""https://maps.app.goo.gl/J3oPuFs33svZGpK89""}]",images/LEXUS/LEXUS___GS350___3.5L_V6___Radio_Amplifier_Connector___AXABHLX1___52706.jpg,,Out of Stock,0,0,,,0,0,none,0,0,1,,,,,,,,,0,,0,,,0,,,14/08/2024,1,1,Radio Amplifier Connector,,,,Accepted,500,,LEXUS,2020,GS350,https://www.rockauto.com/info/1195/AXABH-LX1_pinout__ra_m.jpg
16,"3.5L V6 Electrical-Connector ['CHEVROLET', 'PRIZM', '1998-2002', 'LEXUS', 'ES300', '1995-2000', 'LEXUS', 'ES300H', '2013-2014', 'LEXUS', 'ES330', '2004-2006', 'LEXUS', 'ES350', '2007-2018', 'LEXUS', 'GS300', '1993-2006', 'LEXUS', 'GS350', '2007-2020', 'LEXUS', 'GS400', '1998-2000', 'LEXUS', 'GS430', '2001-2007', 'LEXUS', 'GX470', '2003-2007', 'LEXUS', 'IS250', '2006-2015', 'LEXUS', 'IS300', '2001-2004', 'LEXUS', 'IS350', '2006-2020', 'LEXUS', 'LS400', '1995-2000', 'LEXUS', 'LS430', '2001-2006', 'LEXUS', 'LX450', '1996-1997', 'LEXUS', 'LX470', '1998-2007', 'LEXUS', 'LX570', '2008-2019', 'LEXUS', 'RX300', '1999-2003', 'LEXUS', 'RX330', '2004-2006', 'LEXUS', 'RX350', '2007-2020', 'LEXUS', 'SC300', '1997-1999', 'LEXUS', 'SC400', '1995-2000', 'LEXUS', 'SC430', '2002-2007', 'PONTIAC', 'VIBE', '2003-2010', 'SCION', 'TC', '2005-2010', 'SCION', 'XA', '2004-2006', 'SCION', 'XB', '2004-2015', 'SCION', 'XD', '2008-2013', 'TOYOTA', '4RUNNER', '1994-2009', 'TOYOTA', 'AVALON', '1997-2018', 'TOYOTA', 'CAMRY', '1995-2017', 'TOYOTA', 'CELICA', '1994-2005', 'TOYOTA', 'COROLLA', '1994-2013', 'TOYOTA', 'ECHO', '2001-2004', 'TOYOTA', 'FJ CRUISER', '2007-2009', 'TOYOTA', 'HIGHLANDER', '2001-2019', 'TOYOTA', 'LAND CRUISER', '1993-2019', 'TOYOTA', 'MATRIX', '2003-2013', 'TOYOTA', 'MR2 SPYDER', '2000-2005', 'TOYOTA', 'PASEO', '1995-1999', 'TOYOTA', 'PICKUP', '1994-1995', 'TOYOTA', 'RAV4', '1997-2018', 'TOYOTA', 'SEQUOIA', '2002-2020', 'TOYOTA', 'SIENNA', '1998-2017', 'TOYOTA', 'SOLARA', '1999-2008', 'TOYOTA', 'SUPRA', '1993-1998', 'TOYOTA', 'T100', '1994-1998', 'TOYOTA', 'TACOMA', '1995-2011', 'TOYOTA', 'TERCEL', '1994-1998', 'TOYOTA', 'TUNDRA', '2000-2020', 'TOYOTA', 'VENZA', '2009-2015', 'TOYOTA', 'YARIS', '2006-2013']",S2549,LEXUS,"[{""address"":""Acura Almulla, Car Dealer Rd, Kuwait"",""location"":""https://maps.app.goo.gl/J3oPuFs33svZGpK89""}]",images/LEXUS/LEXUS___GS350___3.5L_V6___Starter_Solenoid_Connector___S2549___63200.jpg,,5,0,0,,,0,0,none,0,0,1,,,,,,,,,0,,0,,,0,,,14/08/2024,1,1,Starter Solenoid Connector,,,,Accepted,500,,LEXUS,2020,GS350,https://www.rockauto.com/info/154/S2549_Front__ra_m.jpg
16,"3.5L V6 Electrical-Connector ['LEXUS', 'CT200H', '2011-2017', 'LEXUS', 'GS350', '2007-2020', 'LEXUS', 'GS450H', '2007-2017', 'LEXUS', 'GS460', '2008-2011', 'LEXUS', 'GX460', '2010-2019', 'LEXUS', 'HS250H', '2010-2012', 'LEXUS', 'IS F', '2008-2014', 'LEXUS', 'IS350', '2006-2017', 'LEXUS', 'LC500', '2018', 'LEXUS', 'LC500H', '2018-2020', 'LEXUS', 'LS460', '2007-2017', 'LEXUS', 'LS600H', '2008-2016', 'LEXUS', 'LX570', '2008-2019', 'LEXUS', 'RX350', '2010-2020', 'LEXUS', 'RX450H', '2010-2020', 'NISSAN', 'KICKS', '2018-2020', 'NISSAN', 'VERSA', '2012-2021', 'PONTIAC', 'VIBE', '2009-2010', 'SCION', 'IM', '2016', 'SCION', 'IQ', '2012-2015', 'SCION', 'TC', '2011-2016', 'SCION', 'XB', '2008-2015', 'TOYOTA', 'COROLLA', '2009-2019', 'TOYOTA', 'HIGHLANDER', '2008-2019', 'TOYOTA', 'LAND CRUISER', '2008-2018', 'TOYOTA', 'MATRIX', '2009-2013', 'TOYOTA', 'PRIUS', '2010-2020', 'TOYOTA', 'PRIUS C', '2012-2018', 'TOYOTA', 'PRIUS PRIME', '2017-2020', 'TOYOTA', 'PRIUS V', '2012-2017', 'TOYOTA', 'SEQUOIA', '2008-2020', 'TOYOTA', 'SIENNA', '2011-2020', 'TOYOTA', 'TACOMA', '2016-2020', 'TOYOTA', 'TUNDRA', '2007-2020', 'TOYOTA', 'YARIS', '2011-2018']",S2825,LEXUS,"[{""address"":""Acura Almulla, Car Dealer Rd, Kuwait"",""location"":""https://maps.app.goo.gl/J3oPuFs33svZGpK89""}]",images/LEXUS/LEXUS___GS350___3.5L_V6___Temperature_Sender___Sensor_Connector___S2825___4105.jpg,,5,0,0,,,0,0,none,0,0,1,,,,,,,,,0,,0,,,0,,,14/08/2024,1,1,Temperature Sender / Sensor Connector,,,,Accepted,500,,LEXUS,2020,GS350,https://www.rockauto.com/info/154/S2825_Front__ra_m.jpg
16,"3.5L V6 Electrical-Connector ['ACURA', '2002-2006', 'CHEVROLET', '1998-2018', 'CHRYSLER', '2001-2005', 'DAEWOO', '2000-2002', 'DODGE', '2001-2016', 'FIAT', '2012-2017', 'GEO', '1991-1994', 'HONDA', '2002-2006', 'HYUNDAI', '2001-2013', 'INFINITI', '2011-2019', 'ISUZU', '1986-2004', 'JAGUAR', '2007-2009', 'JEEP', '1998-1999', 'KIA', '2003-2004', 'LEXUS', '1992-2022', 'MAZDA', '1999-2019', 'MITSUBISHI', '1996-2016', 'NISSAN', '2006-2019', 'PONTIAC', '2005-2010', 'RAM', '2014-2017', 'SAAB', '1994-2005', 'SATURN', '2003-2004', 'SCION', '2006-2016', 'SUBARU', '1991-2019', 'SUZUKI', '1989-2013', 'TOYOTA', '1994-2022', 'VOLVO', '1999-2010']",S1530,LEXUS,"[{""address"":""Acura Almulla, Car Dealer Rd, Kuwait"",""location"":""https://maps.app.goo.gl/J3oPuFs33svZGpK89""}]",images/LEXUS/LEXUS___GS350___3.5L_V6___Vehicle___Output_Speed_Sensor_Connector___S1530___97633.jpg,,13,0,0,,,0,0,none,0,0,1,,,,,,,,,0,,0,,,0,,,14/08/2024,1,1,Vehicle / Output Speed Sensor Connector,,,,Accepted,500,,LEXUS,2020,GS350,https://www.rockauto.com/info/154/S-1530_Angle__ra_m.jpg
16,"3.5L V6 Electrical-Switch & Relay ['LEXUS', 'CT200H', '2011-2017', 'LEXUS', 'ES300H', '2013-2018', 'LEXUS', 'ES350', '2007-2018', 'LEXUS', 'GS F', '2016-2020', 'LEXUS', 'GS200T', '2016-2017', 'LEXUS', 'GS300', '2018-2019', 'LEXUS', 'GS350', '2013-2020', 'LEXUS', 'GS450H', '2011-2018', 'LEXUS', 'GS460', '2011', 'LEXUS', 'GX460', '2010-2021', 'LEXUS', 'HS250H', '2010-2012', 'LEXUS', 'IS200T', '2016-2017', 'LEXUS', 'IS250', '2011-2015', 'LEXUS', 'IS300', '2016-2021', 'LEXUS', 'IS350', '2011-2021', 'LEXUS', 'LS460', '2009-2017', 'LEXUS', 'LS600H', '2009-2016', 'LEXUS', 'LX570', '2008-2021', 'LEXUS', 'NX200T', '2015-2017', 'LEXUS', 'NX300', '2018-2021', 'LEXUS', 'NX300H', '2015-2021', 'LEXUS', 'RC F', '2015-2021', 'LEXUS', 'RC200T', '2016-2017', 'LEXUS', 'RC300', '2016-2021', 'LEXUS', 'RC350', '2015-2021', 'LEXUS', 'RX350', '2008-2021', 'LEXUS', 'RX450H', '2010-2021', 'LEXUS', 'RX450HL', '2021', 'SCION', 'IM', '2016', 'SCION', 'IQ', '2012-2015', 'SCION', 'TC', '2011-2016', 'SCION', 'XB', '2008-2015', 'SCION', 'XD', '2008-2014', 'TOYOTA', 'AVALON', '2007-2018', 'TOYOTA', 'CAMRY', '2007-2017', 'TOYOTA', 'COROLLA', '2009-2019', 'TOYOTA', 'COROLLA IM', '2017-2018', 'TOYOTA', 'HIGHLANDER', '2008-2019', 'TOYOTA', 'LAND CRUISER', '2008-2021', 'TOYOTA', 'MATRIX', '2009-2013', 'TOYOTA', 'MIRAI', '2016-2020', 'TOYOTA', 'PRIUS', '2010-2015', 'TOYOTA', 'PRIUS C', '2012-2019', 'TOYOTA', 'PRIUS PLUG-IN', '2013-2015', 'TOYOTA', 'PRIUS V', '2012-2017', 'TOYOTA', 'RAV4', '2008-2018', 'TOYOTA', 'SEQUOIA', '2008-2021', 'TOYOTA', 'SIENNA', '2007-2020', 'TOYOTA', 'VENZA', '2009-2015', 'TOYOTA', 'YARIS', '2012-2018']",V70730048,LEXUS,"[{""address"":""Acura Almulla, Car Dealer Rd, Kuwait"",""location"":""https://maps.app.goo.gl/J3oPuFs33svZGpK89""}]",images/LEXUS/LEXUS___GS350___3.5L_V6___A_C_Pressure_Safety_Switch___V70730048___39381.jpg,,40,0,0,,,0,0,none,0,0,1,,,,,,,,,0,,0,,,0,,,14/08/2024,1,1,A/C Pressure Safety Switch,,,,Accepted,500,,LEXUS,2020,GS350,https://www.rockauto.com/info/1092/V70-73-0048_02__ra_m.jpg
16,"3.5L V6 Electrical-Switch & Relay ['LEXUS', 'GS F', '2016-2020', 'LEXUS', 'GS200T', '2016', 'LEXUS', 'GS300', '2018-2019', 'LEXUS', 'GS350', '2013-2020', 'LEXUS', 'GS430', '2007', 'LEXUS', 'GS450H', '2013-2018', 'LEXUS', 'GS460', '2008-2011', 'LEXUS', 'IS F', '2008-2014', 'LEXUS', 'IS200T', '2016', 'LEXUS', 'IS250', '2014-2015', 'LEXUS', 'IS300', '2016-2020', 'LEXUS', 'IS350', '2014-2020', 'LEXUS', 'LS460', '2007-2017', 'LEXUS', 'RC F', '2015-2020', 'LEXUS', 'RC200T', '2016', 'LEXUS', 'RC300', '2016-2020', 'LEXUS', 'RC350', '2015-2020']",PS526,LEXUS,"[{""address"":""Acura Almulla, Car Dealer Rd, Kuwait"",""location"":""https://maps.app.goo.gl/J3oPuFs33svZGpK89""}]",images/LEXUS/LEXUS___GS350___3.5L_V6___Automatic_Transmission_Fluid_Pressure_Switch___PS526___5696.jpg,,40,0,0,,,0,0,none,0,0,1,,,,,,,,,0,,0,,,0,,,14/08/2024,1,1,Automatic Transmission Fluid Pressure Switch,,,,Accepted,500,,LEXUS,2020,GS350,https://www.rockauto.com/info/154/PS-526_Angle__ra_m.jpg
16,"3.5L V6 Electrical-Switch & Relay ['LEXUS', 'GS F', '2016-2020', 'LEXUS', 'GS200T', '2016-2017', 'LEXUS', 'GS300', '2018-2019', 'LEXUS', 'GS350', '2013-2020', 'LEXUS', 'GS450H', '2013-2018', 'LEXUS', 'IS200T', '2016-2017', 'LEXUS', 'IS250', '2014-2015', 'LEXUS', 'IS300', '2016-2020', 'LEXUS', 'IS350', '2014-2020', 'LEXUS', 'LS460', '2013-2017', 'LEXUS', 'LS600H', '2013-2016', 'LEXUS', 'NX200T', '2016-2017', 'LEXUS', 'NX300', '2018-2020', 'LEXUS', 'NX300H', '2015-2020', 'LEXUS', 'RC F', '2015-2020', 'LEXUS', 'RC200T', '2016-2017', 'LEXUS', 'RC300', '2016-2020', 'LEXUS', 'RC350', '2015-2020', 'LEXUS', 'RX350', '2013-2020', 'LEXUS', 'RX450H', '2013-2020']",1S12669,LEXUS,"[{""address"":""Acura Almulla, Car Dealer Rd, Kuwait"",""location"":""https://maps.app.goo.gl/J3oPuFs33svZGpK89""}]",images/LEXUS/LEXUS___GS350___3.5L_V6___Brake_Light_Switch___1S12669___2177.jpg,,41,0,0,,,0,0,none,0,0,1,,,,,,,,,0,,0,,,0,,,14/08/2024,1,1,Brake Light Switch,,,,Accepted,500,,LEXUS,2020,GS350,https://www.rockauto.com/info/903/1S12669__ra_m.jpg
16,"3.5L V6 Electrical-Switch & Relay ['LEXUS', 'ES300H', '2013-2018', 'LEXUS', 'ES350', '2013-2018', 'LEXUS', 'GS F', '2016-2018', 'LEXUS', 'GS200T', '2016', 'LEXUS', 'GS300', '2018-2019', 'LEXUS', 'GS350', '2013-2020', 'LEXUS', 'GS450H', '2013-2018', 'LEXUS', 'GX460', '2020-2021', 'LEXUS', 'IS200T', '2016-2017', 'LEXUS', 'IS250', '2014-2015', 'LEXUS', 'IS300', '2016-2017', 'LEXUS', 'IS350', '2014-2017', 'LEXUS', 'LX570', '2015', 'LEXUS', 'NX200T', '2015-2017', 'LEXUS', 'NX300H', '2015-2018', 'LEXUS', 'RC F', '2015-2018', 'LEXUS', 'RC200T', '2016-2017', 'LEXUS', 'RC300', '2016-2018', 'LEXUS', 'RC350', '2015-2018', 'LEXUS', 'RX350', '2016-2021', 'LEXUS', 'RX450H', '2016-2021', 'LEXUS', 'RX450HL', '2021']",CCA1392,LEXUS,"[{""address"":""Acura Almulla, Car Dealer Rd, Kuwait"",""location"":""https://maps.app.goo.gl/J3oPuFs33svZGpK89""}]",images/LEXUS/LEXUS___GS350___3.5L_V6___Cruise_Control_Switch___CCA1392___19449.jpg,,74,0,0,,,0,0,Standard Replacement ,0,0,1,,,,,,,,,0,,0,,,0,,,14/08/2024,1,1,Cruise Control Switch,,,,Accepted,500,,LEXUS,2020,GS350,https://www.rockauto.com/info/154/CCA1392_Angle__ra_m.jpg
16,"3.5L V6 Electrical-Switch & Relay ['LEXUS', 'GS F', '2018-2020', 'LEXUS', 'GS300', '2018', 'LEXUS', 'GS350', '2013-2020', 'LEXUS', 'GS450H', '2013-2018', 'LEXUS', 'IS250', '2014', 'LEXUS', 'IS300', '2018-2021', 'LEXUS', 'IS350', '2014-2021', 'LEXUS', 'RC F', '2018-2021', 'LEXUS', 'RC300', '2018-2020', 'LEXUS', 'RC350', '2018-2021']",1S12841,LEXUS,"[{""address"":""Acura Almulla, Car Dealer Rd, Kuwait"",""location"":""https://maps.app.goo.gl/J3oPuFs33svZGpK89""}]",images/LEXUS/LEXUS___GS350___3.5L_V6___Headlamp_Switch___1S12841___76883.jpg,,83,0,0,,,0,0,none,0,0,1,,,,,,,,,0,,0,,,0,,,14/08/2024,1,1,Headlamp Switch,,,,Accepted,500,,LEXUS,2020,GS350,https://www.rockauto.com/info/903/1S12841__ra_m.jpg
16,"3.5L V6 Electrical-Switch & Relay ['LEXUS', 'ES300', '2002-2003', 'LEXUS', 'ES300H', '2013-2019', 'LEXUS', 'ES350', '2007-2020', 'LEXUS', 'GS F', '2016-2019', 'LEXUS', 'GS200T', '2016-2017', 'LEXUS', 'GS350', '2007-2020', 'LEXUS', 'GX460', '2019-2020', 'LEXUS', 'GX470', '2004', 'LEXUS', 'IS250', '2008-2015', 'LEXUS', 'IS300', '2001-2020', 'LEXUS', 'IS350', '2008-2020', 'LEXUS', 'LS430', '2001-2006', 'LEXUS', 'LS460', '2007-2017', 'LEXUS', 'RX300', '1999-2003', 'LEXUS', 'SC430', '2002-2010', 'SCION', 'TC', '2016', 'TOYOTA', '4RUNNER', '2018-2020', 'TOYOTA', '86', '2018-2020', 'TOYOTA', 'CAMRY', '2001-2019', 'TOYOTA', 'CELICA', '2000-2002', 'TOYOTA', 'COROLLA', '2001-2019', 'TOYOTA', 'HIGHLANDER', '2001-2015', 'TOYOTA', 'MATRIX', '2003-2014', 'TOYOTA', 'MR2 SPYDER', '2000-2002', 'TOYOTA', 'PRIUS', '2001-2004', 'TOYOTA', 'RAV4', '2001-2019', 'TOYOTA', 'SEQUOIA', '2001-2019', 'TOYOTA', 'SIENNA', '2019', 'TOYOTA', 'TACOMA', '2019', 'TOYOTA', 'TUNDRA', '2019', 'TOYOTA', 'YARIS', '2006']",1R1477,LEXUS,"[{""address"":""Acura Almulla, Car Dealer Rd, Kuwait"",""location"":""https://maps.app.goo.gl/J3oPuFs33svZGpK89""}]",images/LEXUS/LEXUS___GS350___3.5L_V6___Ignition_Starter_Relay___1R1477___88811.jpg,,5,0,0,,,0,0,Standard Replacement ,0,0,1,,,,,,,,,0,,0,,,0,,,14/08/2024,1,1,Ignition Starter Relay,,,,Accepted,500,,LEXUS,2020,GS350,https://www.rockauto.com/info/903/1R1477__ra_m.jpg
16,"3.5L V6 Electrical-Switch & Relay ['LEXUS', 'ES350', '2014-2018', 'LEXUS', 'GS F', '2016-2020', 'LEXUS', 'GS200T', '2016-2017', 'LEXUS', 'GS350', '2013-2020', 'LEXUS', 'GX460', '2019-2021', 'LEXUS', 'LX570', '2016-2019', 'LEXUS', 'RX350', '2016-2018']",1S15447,LEXUS,"[{""address"":""Acura Almulla, Car Dealer Rd, Kuwait"",""location"":""https://maps.app.goo.gl/J3oPuFs33svZGpK89""}]",images/LEXUS/LEXUS___GS350___3.5L_V6___Ignition_Starter_Switch___1S15447___68536.jpg,,126,0,0,,,0,0,none,0,0,1,,,,,,,,,0,,0,,,0,,,14/08/2024,1,1,Ignition Starter Switch,,,,Accepted,500,,LEXUS,2020,GS350,https://www.rockauto.com/info/903/1S15447__ra_m.jpg
16,"3.5L V6 Electrical-Switch & Relay ['LEXUS', 'GS350', '2014-2020', 'LEXUS', 'IS F', '2014', 'LEXUS', 'IS250', '2014-2015', 'LEXUS', 'IS300', '2016-2022', 'LEXUS', 'IS350', '2014-2022', 'LEXUS', 'LS460', '2014-2017', 'LEXUS', 'RC F', '2016-2021', 'LEXUS', 'RC300', '2016-2022', 'LEXUS', 'RC350', '2015-2022', 'TOYOTA', 'FJ CRUISER', '2011-2014', 'TOYOTA', 'SEQUOIA', '2004-2008', 'TOYOTA', 'TACOMA', '2005-2015', 'TOYOTA', 'TUNDRA', '2005-2006']",V70730069,LEXUS,"[{""address"":""Acura Almulla, Car Dealer Rd, Kuwait"",""location"":""https://maps.app.goo.gl/J3oPuFs33svZGpK89""}]",images/LEXUS/LEXUS___GS350___3.5L_V6___Neutral_Safety_Switch___Range_Sensor___V70730069___15773.jpg,,Out of Stock,0,0,,,0,0,none,0,0,1,,,,,,,,,0,,0,,,0,,,14/08/2024,1,1,Neutral Safety Switch / Range Sensor,,,,Accepted,500,,LEXUS,2020,GS350,https://www.rockauto.com/info/1092/V70-73-0069_02__ra_m.jpg
16,"3.5L V6 Electrical-Switch & Relay ['CHEVROLET', 'PRIZM', '1998-2002', 'GEO', 'PRIZM', '1993-1997', 'LEXUS', 'CT200H', '2011-2015', 'LEXUS', 'ES300', '1993-2000', 'LEXUS', 'ES300H', '2013-2018', 'LEXUS', 'ES330', '2004-2006', 'LEXUS', 'ES350', '2007-2019', 'LEXUS', 'GS F', '2018-2020', 'LEXUS', 'GS300', '1993-2006', 'LEXUS', 'GS350', '2007-2020', 'LEXUS', 'GS400', '1998-2000', 'LEXUS', 'GS430', '2001-2007', 'LEXUS', 'GS450H', '2007-2018', 'LEXUS', 'GS460', '2008-2011', 'LEXUS', 'GX460', '2010-2019', 'LEXUS', 'GX470', '2003-2007', 'LEXUS', 'HS250H', '2010-2012', 'LEXUS', 'IS F', '2008-2010', 'LEXUS', 'IS250', '2006-2014', 'LEXUS', 'IS300', '2001-2020', 'LEXUS', 'IS350', '2006-2020', 'LEXUS', 'LC500', '2018-2020', 'LEXUS', 'LC500H', '2018-2020', 'LEXUS', 'LS400', '1995-2000', 'LEXUS', 'LS430', '2001-2006', 'LEXUS', 'LS460', '2007-2017', 'LEXUS', 'LS500', '2018-2020', 'LEXUS', 'LS500H', '2018-2020', 'LEXUS', 'LS600H', '2008-2015', 'LEXUS', 'NX300H', '2015-2020', 'LEXUS', 'RC F', '2015-2019', 'LEXUS', 'RC300', '2018-2019', 'LEXUS', 'RC350', '2015-2019', 'LEXUS', 'RX300', '1999-2003', 'LEXUS', 'RX330', '2004-2006', 'LEXUS', 'RX350', '2007-2020', 'LEXUS', 'RX400H', '2006-2007', 'LEXUS', 'RX450H', '2010-2020', 'LEXUS', 'SC300', '1993-1999', 'LEXUS', 'SC400', '1993-2000', 'LEXUS', 'SC430', '2002-2007', 'PONTIAC', 'VIBE', '2003-2010', 'SCION', 'IQ', '2012-2015', 'SCION', 'TC', '2005-2015', 'SCION', 'XA', '2004-2006', 'SCION', 'XB', '2004-2015', 'SCION', 'XD', '2008-2013', 'SUBARU', 'B9 TRIBECA', '2007', 'SUBARU', 'FORESTER', '2008-2010', 'SUBARU', 'IMPREZA', '2007-2010', 'SUBARU', 'IMPREZA R', '2009', 'SUBARU', 'IMPREZA SPORT', '2008-2010', 'SUBARU', 'LEGACY', '2007-2010', 'SUBARU', 'OUTBACK', '2005-2012', 'TOYOTA', '4RUNNER', '1993-2020', 'TOYOTA', 'AVALON', '1995-2020', 'TOYOTA', 'C-HR', '2018-2020', 'TOYOTA', 'CAMRY', '1993-2020', 'TOYOTA', 'CELICA', '1994-2005', 'TOYOTA', 'COROLLA', '1993-2014', 'TOYOTA', 'ECHO', '2001-2004', 'TOYOTA', 'FJ CRUISER', '2007-2014', 'TOYOTA', 'HIGHLANDER', '2001-2019', 'TOYOTA', 'MATRIX', '2003-2014', 'TOYOTA', 'MR2', '1993-1995', 'TOYOTA', 'MR2 SPYDER', '2000-2005', 'TOYOTA', 'PASEO', '1993-1999', 'TOYOTA', 'PICKUP', '1994-1995', 'TOYOTA', 'PREVIA', '1994-1996', 'TOYOTA', 'PRIUS', '2002-2014', 'TOYOTA', 'PRIUS C', '2012-2019', 'TOYOTA', 'PRIUS V', '2012', 'TOYOTA', 'RAV4', '1997-2018', 'TOYOTA', 'SIENNA', '1998-2020', 'TOYOTA', 'SOLARA', '1999-2008', 'TOYOTA', 'SUPRA', '1993-1998', 'TOYOTA', 'T100', '1993-1997', 'TOYOTA', 'TACOMA', '1995-2019', 'TOYOTA', 'TERCEL', '1993-1998', 'TOYOTA', 'TUNDRA', '2000-2013', 'TOYOTA', 'VENZA', '2009-2015', 'TOYOTA', 'YARIS', '2006-2015']",E1805A,LEXUS,"[{""address"":""Acura Almulla, Car Dealer Rd, Kuwait"",""location"":""https://maps.app.goo.gl/J3oPuFs33svZGpK89""}]",images/LEXUS/LEXUS___GS350___3.5L_V6___Oil_Pressure_Sender___Switch___E1805A___21019.jpg,,10,0,0,,,0,0,Standard Replacement ,0,0,1,,,,,,,,,0,,0,,,0,,,14/08/2024,1,1,Oil Pressure Sender / Switch,,,,Accepted,500,,LEXUS,2020,GS350,https://www.rockauto.com/info/351/E1805A_Primary__ra_m.jpg
16,"3.5L V6 Electrical-Switch & Relay ['LEXUS', 'GS F', '2018-2020', 'LEXUS', 'GS350', '2019-2020', 'LEXUS', 'GS450H', '2018', 'LEXUS', 'LX570', '2018-2021', 'LEXUS', 'RX350', '2016-2021', 'LEXUS', 'RX450H', '2016-2021', 'LEXUS', 'RX450HL', '2021']",1S16219,LEXUS,"[{""address"":""Acura Almulla, Car Dealer Rd, Kuwait"",""location"":""https://maps.app.goo.gl/J3oPuFs33svZGpK89""}]",images/LEXUS/LEXUS___GS350___3.5L_V6___Power_Window_Switch___1S16219___80302.jpg,,85,0,0,,,0,0,none,0,0,1,,Front Right,,,,,,,0,,0,,,0,,,14/08/2024,1,1,Power Window Switch,,,,Accepted,500,,LEXUS,2020,GS350,https://www.rockauto.com/info/903/1S16219__ra_m.jpg
16,"3.5L V6 Electrical-Switch & Relay ['LEXUS', 'GS350', '2016-2020', 'LEXUS', 'GS450H', '2016-2018', 'LEXUS', 'IS250', '2014-2015', 'LEXUS', 'IS300', '2019-2021', 'LEXUS', 'IS350', '2014-2021', 'LEXUS', 'LX570', '2016-2021', 'LEXUS', 'RC F', '2015-2019', 'LEXUS', 'RC200T', '2016-2017', 'LEXUS', 'RC300', '2016', 'LEXUS', 'RC350', '2015-2016', 'LEXUS', 'RX350', '2010-2021', 'LEXUS', 'RX450H', '2010-2020', 'LEXUS', 'RX450HL', '2021']",662186,LEXUS,"[{""address"":""Acura Almulla, Car Dealer Rd, Kuwait"",""location"":""https://maps.app.goo.gl/J3oPuFs33svZGpK89""}]",images/LEXUS/LEXUS___GS350___3.5L_V6___Power_Window_Switch___662186___75908.jpg,,Out of Stock,0,0,,,0,0,none,0,0,1,,Rear,,,,,,,0,,0,,,0,,,14/08/2024,1,1,Power Window Switch,,,,Accepted,500,,LEXUS,2020,GS350,https://www.rockauto.com/info/903/1S14352__ra_m.jpg
16,"3.5L V6 Electrical-Switch & Relay ['LEXUS', 'GS F', '2016-2020', 'LEXUS', 'GS200T', '2016-2017', 'LEXUS', 'GS300', '2018-2019', 'LEXUS', 'GS350', '2016-2020', 'LEXUS', 'GS450H', '2016-2018', 'LEXUS', 'LX570', '2016-2021']",1S16204,LEXUS,"[{""address"":""Acura Almulla, Car Dealer Rd, Kuwait"",""location"":""https://maps.app.goo.gl/J3oPuFs33svZGpK89""}]",images/LEXUS/LEXUS___GS350___3.5L_V6___Power_Window_Switch___1S16204___82024.jpg,,Out of Stock,0,0,,,0,0,none,0,0,1,,Front Left,,,,,,,0,,0,,,0,,,14/08/2024,1,1,Power Window Switch,,,,Accepted,500,,LEXUS,2020,GS350,https://www.rockauto.com/info/903/1S16204__ra_m.jpg
16,"3.5L V6 Electrical-Switch & Relay ['LEXUS', 'CT200H', '2011-2017', 'LEXUS', 'ES300H', '2013-2018', 'LEXUS', 'ES350', '2007-2020', 'LEXUS', 'GS F', '2016-2020', 'LEXUS', 'GS200T', '2016-2017', 'LEXUS', 'GS350', '2007-2020', 'LEXUS', 'GS430', '2007', 'LEXUS', 'GS450H', '2007-2018', 'LEXUS', 'GS460', '2008-2011', 'LEXUS', 'GX460', '2010-2023', 'LEXUS', 'HS250H', '2010-2012', 'LEXUS', 'IS200T', '2016-2017', 'LEXUS', 'IS250', '2010-2015', 'LEXUS', 'IS300', '2016-2023', 'LEXUS', 'IS350', '2010-2023', 'LEXUS', 'LS430', '2001-2006', 'LEXUS', 'LS460', '2008-2017', 'LEXUS', 'LS600H', '2008-2016', 'LEXUS', 'LX570', '2008-2021', 'LEXUS', 'NX200T', '2015-2017', 'LEXUS', 'NX300', '2018-2021', 'LEXUS', 'NX300H', '2015-2021', 'LEXUS', 'RC F', '2015-2023', 'LEXUS', 'RC200T', '2016-2017', 'LEXUS', 'RC300', '2016-2023', 'LEXUS', 'RC350', '2015-2023', 'LEXUS', 'RX330', '2006', 'LEXUS', 'RX350', '2007-2022', 'LEXUS', 'RX450H', '2010-2022', 'LEXUS', 'RX450HL', '2021-2022', 'SCION', 'IM', '2016', 'SCION', 'IQ', '2012-2015', 'SCION', 'TC', '2011-2016', 'SCION', 'XB', '2008-2015', 'SCION', 'XD', '2008-2014', 'TOYOTA', 'AVALON', '2005-2018', 'TOYOTA', 'CAMRY', '2007-2017', 'TOYOTA', 'COROLLA', '2009-2019', 'TOYOTA', 'COROLLA IM', '2017-2018', 'TOYOTA', 'HIGHLANDER', '2008-2019', 'TOYOTA', 'LAND CRUISER', '2008-2020', 'TOYOTA', 'MATRIX', '2009-2013', 'TOYOTA', 'PRIUS', '2010-2019', 'TOYOTA', 'PRIUS C', '2012-2019', 'TOYOTA', 'PRIUS PLUG-IN', '2013-2015', 'TOYOTA', 'PRIUS PRIME', '2017-2019', 'TOYOTA', 'PRIUS V', '2012-2018', 'TOYOTA', 'RAV4', '2006-2018', 'TOYOTA', 'SEQUOIA', '2008-2022', 'TOYOTA', 'SIENNA', '2006-2020', 'TOYOTA', 'VENZA', '2009-2015', 'TOYOTA', 'YARIS', '2012-2018']",37317,LEXUS,"[{""address"":""Acura Almulla, Car Dealer Rd, Kuwait"",""location"":""https://maps.app.goo.gl/J3oPuFs33svZGpK89""}]",images/LEXUS/LEXUS___GS350___3.5L_V6___Refrigerant_Pressure_Switch___37317___65236.jpg,,31,0,0,,,0,0,none,0,0,1,,,,,,,,,0,,0,,,0,,,14/08/2024,1,1,Refrigerant Pressure Switch,,,,Accepted,500,,LEXUS,2020,GS350,https://www.rockauto.com/info/52/37317__ra_m.jpg
16,"3.5L V6 Engine ['LEXUS', 'ES350', '2019-2021', 'LEXUS', 'GS350', '2019-2020', 'LEXUS', 'IS300', '2019-2021', 'LEXUS', 'IS350', '2019-2021', 'LEXUS', 'LC500H', '2019-2021', 'LEXUS', 'LS500H', '2019-2021', 'LEXUS', 'RC300', '2019-2021', 'LEXUS', 'RC350', '2019-2021', 'LEXUS', 'RX350', '2019-2021', 'LEXUS', 'RX450H', '2019-2021', 'LEXUS', 'RX450HL', '2021', 'TOYOTA', 'AVALON', '2019-2021', 'TOYOTA', 'CAMRY', '2018-2021', 'TOYOTA', 'HIGHLANDER', '2017-2021', 'TOYOTA', 'SIENNA', '2017-2020', 'TOYOTA', 'TACOMA', '2017-2021']",A701037,LEXUS,"[{""address"":""Acura Almulla, Car Dealer Rd, Kuwait"",""location"":""https://maps.app.goo.gl/J3oPuFs33svZGpK89""}]",images/LEXUS/LEXUS___GS350___3.5L_V6___Camshaft_Adjuster_Magnet___A701037___11475.jpg,,Out of Stock,0,0,,,0,0,none,0,0,1,,,,,,,,,0,,0,,,0,,,14/08/2024,1,1,Camshaft Adjuster Magnet,,,,Accepted,500,,LEXUS,2020,GS350,https://www.rockauto.com/info/42/916-605-007__ra_m.jpg
16,"3.5L V6 Engine ['LEXUS', 'ES350', '2007-2018', 'LEXUS', 'GS350', '2007-2020', 'LEXUS', 'GS450H', '2007-2018', 'LEXUS', 'IS300', '2016-2017', 'LEXUS', 'IS350', '2006-2022', 'LEXUS', 'RC300', '2016-2017', 'LEXUS', 'RC350', '2015-2022', 'LEXUS', 'RX350', '2007-2022', 'LEXUS', 'RX450H', '2010-2022', 'LEXUS', 'RX450HL', '2021-2022', 'LOTUS', 'EVORA', '2010-2019', 'TOYOTA', 'AVALON', '2005-2018', 'TOYOTA', 'CAMRY', '2007-2017', 'TOYOTA', 'HIGHLANDER', '2008-2022', 'TOYOTA', 'RAV4', '2006-2012', 'TOYOTA', 'SIENNA', '2007-2020', 'TOYOTA', 'TACOMA', '2016-2022', 'TOYOTA', 'VENZA', '2009-2016']",CR6873MC,LEXUS,"[{""address"":""Acura Almulla, Car Dealer Rd, Kuwait"",""location"":""https://maps.app.goo.gl/J3oPuFs33svZGpK89""}]",images/LEXUS/LEXUS___GS350___3.5L_V6___Connecting_Rod_Bearing___CR6873MC___52897.jpg,,39,0,0,,,0,0,none,0,0,1,,,,,,,,,0,,0,,,0,,,14/08/2024,1,1,Connecting Rod Bearing,,,,Accepted,500,,LEXUS,2020,GS350,https://www.rockauto.com/info/1155/CR6873MC__ra_m.jpg
16,"3.5L V6 Engine ['LEXUS', 'GS350', '2016-2020']",54282000,LEXUS,"[{""address"":""Acura Almulla, Car Dealer Rd, Kuwait"",""location"":""https://maps.app.goo.gl/J3oPuFs33svZGpK89""}]",images/LEXUS/LEXUS___GS350___3.5L_V6___Conversion___Lower_Gasket_Set___54282000___66037.jpg,,Out of Stock,0,0,,,0,0,none,0,0,1,,,,,,,,,0,,0,,,0,,,14/08/2024,1,1,Conversion / Lower Gasket Set,,,,Accepted,500,,LEXUS,2020,GS350,https://www.rockauto.com/info/604/12039100__ra_m.jpg
16,"3.5L V6 Engine ['LEXUS', 'ES350', '2007-2021', 'LEXUS', 'GS300', '2006', 'LEXUS', 'GS350', '2007-2020', 'LEXUS', 'GS450H', '2007-2018', 'LEXUS', 'IS250', '2006-2015', 'LEXUS', 'IS300', '2016-2021', 'LEXUS', 'IS350', '2006-2021', 'LEXUS', 'LC500H', '2018-2023', 'LEXUS', 'LS500H', '2018-2021', 'LEXUS', 'RC300', '2016-2020', 'LEXUS', 'RX450H', '2010-2013', 'TOYOTA', 'AVALON', '2005-2016', 'TOYOTA', 'HIGHLANDER', '2008-2016', 'TOYOTA', 'RAV4', '2006-2012', 'TOYOTA', 'SIENNA', '2007-2016', 'TOYOTA', 'VENZA', '2009-2015']",BC1032,LEXUS,"[{""address"":""Acura Almulla, Car Dealer Rd, Kuwait"",""location"":""https://maps.app.goo.gl/J3oPuFs33svZGpK89""}]",images/LEXUS/LEXUS___GS350___3.5L_V6___Crankshaft_Main_Bearing___BC1032___5253.jpg,,20,0,0,,,0,0,none,0,0,1,,,,,,,,,0,,0,,,0,,,14/08/2024,1,1,Crankshaft Main Bearing,,,,Accepted,500,,LEXUS,2020,GS350,https://www.rockauto.com/info/850/BC1032__ra_m.jpg
16,"3.5L V6 Engine ['CHRYSLER', 'CONQUEST', '1987-1988', 'DODGE', 'CONQUEST', '1984-1985', 'FORD', 'COURIER', '1972-1982', 'LEXUS', 'ES350', '2007-2024', 'LEXUS', 'GS F', '2018-2020', 'LEXUS', 'GS350', '2007-2020', 'LEXUS', 'GS450H', '2007-2018', 'LEXUS', 'GS460', '2008-2011', 'LEXUS', 'GX460', '2010-2023', 'LEXUS', 'IS F', '2008-2010', 'LEXUS', 'IS250', '2006-2015', 'LEXUS', 'IS300', '2017-2022', 'LEXUS', 'IS350', '2006-2022', 'LEXUS', 'LC500', '2018-2024', 'LEXUS', 'LC500H', '2018-2024', 'LEXUS', 'LS460', '2007-2017', 'LEXUS', 'LS500H', '2018-2023', 'LEXUS', 'LS600H', '2008-2015', 'LEXUS', 'LX570', '2008-2019', 'LEXUS', 'RC F', '2015-2023', 'LEXUS', 'RC300', '2018-2023', 'LEXUS', 'RC350', '2015-2023', 'LEXUS', 'RX350', '2007-2022', 'LEXUS', 'RX450H', '2010-2022', 'LEXUS', 'RX450HL', '2022', 'LOTUS', 'EVORA', '2010-2019', 'MAZDA', '1200', '1972', 'MAZDA', '616', '1971', 'MAZDA', '618', '1972-1973', 'MAZDA', '626', '1979-1982', 'MAZDA', '808', '1972-1974', 'MAZDA', '929', '1988-1991', 'MAZDA', 'B1600', '1972-1976', 'MAZDA', 'B1800', '1977-1978', 'MAZDA', 'B2000', '1979-1984', 'MAZDA', 'B2200', '1989-1993', 'MAZDA', 'B2600', '1988-1993', 'MAZDA', 'COSMO', '1976-1978', 'MAZDA', 'GLC', '1980-1985', 'MAZDA', 'MIZER', '1976-1977', 'MAZDA', 'MPV', '1989-1994', 'MAZDA', 'MX-5 MIATA', '1993-2002', 'MAZDA', 'R100', '1970-1972', 'MAZDA', 'ROTARY PICKUP', '1974-1977', 'MAZDA', 'RX-2', '1972', 'MAZDA', 'RX-3', '1972-1978', 'MAZDA', 'RX-4', '1974-1978', 'MAZDA', 'RX-7', '1979-1995', 'MAZDA', 'RX-8', '2004-2011', 'MITSUBISHI', 'STARION', '1984-1988', 'NISSAN', '1200', '1971', 'NISSAN', '200SX', '1977-1988', 'NISSAN', '240Z', '1970-1973', 'NISSAN', '260Z', '1975', 'NISSAN', '280Z', '1975-1978', 'NISSAN', '280ZX', '1980-1983', 'NISSAN', '510', '1978-1981', 'NISSAN', '521 PICKUP', '1969-1972', 'NISSAN', '610', '1973-1976', 'NISSAN', '620 PICKUP', '1974-1979', 'NISSAN', '710', '1974-1975', 'NISSAN', '720 PICKUP', '1980-1986', 'NISSAN', '810', '1977-1981', 'NISSAN', 'D21 PICKUP', '1986-1989', 'NISSAN', 'MAXIMA', '1981-1984', 'NISSAN', 'PATHFINDER', '1987-2003', 'PLYMOUTH', 'CONQUEST', '1984-1986', 'SUBARU', '1400', '1973', 'SUBARU', 'BRAT', '1980-1987', 'SUBARU', 'DL', '1973-1989', 'SUBARU', 'FE', '1979', 'SUBARU', 'GF', '1975-1976', 'SUBARU', 'GL', '1973-1989', 'SUBARU', 'GL-10', '1985-1989', 'SUBARU', 'GLF', '1980-1982', 'SUBARU', 'LOYALE', '1990-1993', 'SUBARU', 'RX', '1985-1989', 'SUBARU', 'STANDARD', '1977-1987', 'SUBARU', 'XT', '1985-1989', 'TOYOTA', '4RUNNER', '2003-2023', 'TOYOTA', 'AVALON', '2005-2022', 'TOYOTA', 'CAMRY', '1984-2022', 'TOYOTA', 'CELICA', '1986-1998', 'TOYOTA', 'COROLLA', '1985', 'TOYOTA', 'FJ CRUISER', '2007-2014', 'TOYOTA', 'HIGHLANDER', '2008-2022', 'TOYOTA', 'LAND CRUISER', '1988-2021', 'TOYOTA', 'MR2', '1991-1995', 'TOYOTA', 'PICKUP', '1970-1995', 'TOYOTA', 'RAV4', '1997-2012', 'TOYOTA', 'SEQUOIA', '2009-2022', 'TOYOTA', 'SIENNA', '2008-2020', 'TOYOTA', 'SOLARA', '1999-2001', 'TOYOTA', 'TACOMA', '2005-2023', 'TOYOTA', 'TUNDRA', '2005-2021', 'TOYOTA', 'VAN', '1985-1989', 'TOYOTA', 'VENZA', '2011-2015']",NS2025,LEXUS,"[{""address"":""Acura Almulla, Car Dealer Rd, Kuwait"",""location"":""https://maps.app.goo.gl/J3oPuFs33svZGpK89""}]",images/LEXUS/LEXUS___GS350___3.5L_V6___Crankshaft_Seal___NS2025___911.jpg,,7,0,0,,,0,0,none,0,0,1,,Front,,,,,,,0,,0,,,0,,,14/08/2024,1,1,Crankshaft Seal,,,,Accepted,500,,LEXUS,2020,GS350,https://www.rockauto.com/info/1101/NS2025_1__ra_m.jpg
16,"3.5L V6 Engine ['LEXUS', 'ES350', '2007-2020', 'LEXUS', 'GS300', '2006', 'LEXUS', 'GS350', '2007-2020', 'LEXUS', 'GS450H', '2007-2018', 'LEXUS', 'IS250', '2006-2015', 'LEXUS', 'IS300', '2016-2020', 'LEXUS', 'IS350', '2006-2020', 'LEXUS', 'LC500H', '2018-2020', 'LEXUS', 'LS500H', '2018-2020', 'LEXUS', 'RC300', '2016-2020', 'LEXUS', 'RC350', '2015-2020', 'LEXUS', 'RX350', '2007-2020', 'LEXUS', 'RX450H', '2010-2020', 'LOTUS', 'EVORA', '2010-2011', 'TOYOTA', 'AVALON', '2005-2020', 'TOYOTA', 'CAMRY', '2007-2020', 'TOYOTA', 'HIGHLANDER', '2008-2020', 'TOYOTA', 'RAV4', '2006-2011', 'TOYOTA', 'SIENNA', '2007-2020', 'TOYOTA', 'TACOMA', '2016-2020', 'TOYOTA', 'VENZA', '2009-2016']",BS40701,LEXUS,"[{""address"":""Acura Almulla, Car Dealer Rd, Kuwait"",""location"":""https://maps.app.goo.gl/J3oPuFs33svZGpK89""}]",images/LEXUS/LEXUS___GS350___3.5L_V6___Crankshaft_Seal___BS40701___79859.jpg,,11,0,0,,,0,0,none,0,0,1,,Rear,,,,,,,0,,0,,,0,,,14/08/2024,1,1,Crankshaft Seal,,,,Accepted,500,,LEXUS,2020,GS350,https://www.rockauto.com/info/6/SFL_BS40701_P04_TOP__ra_m.jpg
16,"3.5L V6 Engine ['LEXUS', 'ES350', '2007-2020', 'LEXUS', 'GS300', '2006', 'LEXUS', 'GS350', '2007-2020', 'LEXUS', 'GS450H', '2007-2018', 'LEXUS', 'IS250', '2006-2015', 'LEXUS', 'IS300', '2016-2020', 'LEXUS', 'IS350', '2006-2020', 'LEXUS', 'LC500H', '2018-2020', 'LEXUS', 'LS500H', '2018-2020', 'LEXUS', 'RC300', '2016-2020', 'LEXUS', 'RC350', '2015-2020', 'LEXUS', 'RX350', '2007-2020', 'LEXUS', 'RX450H', '2010-2020', 'LOTUS', 'EVORA', '2010-2019', 'LOTUS', 'EVORA GT', '2020', 'TOYOTA', '4RUNNER', '2003-2020', 'TOYOTA', 'AVALON', '2005-2020', 'TOYOTA', 'CAMRY', '2007-2020', 'TOYOTA', 'FJ CRUISER', '2007-2014', 'TOYOTA', 'HIGHLANDER', '2008-2020', 'TOYOTA', 'RAV4', '2006-2012', 'TOYOTA', 'SIENNA', '2007-2020', 'TOYOTA', 'TACOMA', '2005-2020', 'TOYOTA', 'TUNDRA', '2005-2014', 'TOYOTA', 'VENZA', '2009-2016']",ES72249,LEXUS,"[{""address"":""Acura Almulla, Car Dealer Rd, Kuwait"",""location"":""https://maps.app.goo.gl/J3oPuFs33svZGpK89""}]",images/LEXUS/LEXUS___GS350___3.5L_V6___Cylinder_Head_Bolt___ES72249___4912.jpg,,33,0,0,,,0,0,none,0,0,1,,,,,,,,,0,,0,,,0,,,14/08/2024,1,1,Cylinder Head Bolt,,,,Accepted,500,,LEXUS,2020,GS350,https://www.rockauto.com/info/6/SFL_ES72249_P04_TOP__ra_m.jpg
16,"3.5L V6 Engine ['LEXUS', 'ES350', '2019-2022', 'LEXUS', 'GS350', '2016-2020', 'LEXUS', 'IS350', '2021-2022', 'LEXUS', 'LC500H', '2018-2022', 'LEXUS', 'LS500H', '2018-2022', 'LEXUS', 'RX350', '2016-2022', 'LEXUS', 'RX450H', '2016-2022', 'LEXUS', 'RX450HL', '2021-2022', 'TOYOTA', 'AVALON', '2019-2022', 'TOYOTA', 'CAMRY', '2018-2021', 'TOYOTA', 'HIGHLANDER', '2017-2022', 'TOYOTA', 'SIENNA', '2017-2020', 'TOYOTA', 'TACOMA', '2016-2020']",10237100,LEXUS,"[{""address"":""Acura Almulla, Car Dealer Rd, Kuwait"",""location"":""https://maps.app.goo.gl/J3oPuFs33svZGpK89""}]",images/LEXUS/LEXUS___GS350___3.5L_V6___Cylinder_Head_Gasket___10237100___8431.jpg,,Out of Stock,0,0,,,0,0,none,0,0,1,,Left,,,,,,,0,,0,,,0,,,14/08/2024,1,1,Cylinder Head Gasket,,,,Accepted,500,,LEXUS,2020,GS350,https://www.rockauto.com/info/604/10237100__ra_m.jpg
16,"3.5L V6 Engine ['LEXUS', 'ES350', '2019-2022', 'LEXUS', 'GS350', '2016-2020', 'LEXUS', 'IS350', '2021-2022', 'LEXUS', 'LC500H', '2018-2022', 'LEXUS', 'LS500H', '2018-2022', 'LEXUS', 'RX350', '2016-2022', 'LEXUS', 'RX450H', '2016-2022', 'LEXUS', 'RX450HL', '2021-2022', 'TOYOTA', 'AVALON', '2019-2022', 'TOYOTA', 'CAMRY', '2018-2021', 'TOYOTA', 'HIGHLANDER', '2017-2022', 'TOYOTA', 'SIENNA', '2017-2020', 'TOYOTA', 'TACOMA', '2016-2020']",10237200,LEXUS,"[{""address"":""Acura Almulla, Car Dealer Rd, Kuwait"",""location"":""https://maps.app.goo.gl/J3oPuFs33svZGpK89""}]",images/LEXUS/LEXUS___GS350___3.5L_V6___Cylinder_Head_Gasket___10237200___7882.jpg,,Out of Stock,0,0,,,0,0,none,0,0,1,,Right,,,,,,,0,,0,,,0,,,14/08/2024,1,1,Cylinder Head Gasket,,,,Accepted,500,,LEXUS,2020,GS350,https://www.rockauto.com/info/604/10237200__ra_m.jpg
16,"3.5L V6 Engine ['LEXUS', 'GS350', '2016-2020']",52527200,LEXUS,"[{""address"":""Acura Almulla, Car Dealer Rd, Kuwait"",""location"":""https://maps.app.goo.gl/J3oPuFs33svZGpK89""}]",images/LEXUS/LEXUS___GS350___3.5L_V6___Cylinder_Head_Gasket_Set___52527200___55885.jpg,,Out of Stock,0,0,,,0,0,none,0,0,1,,,,,,,,,0,,0,,,0,,,14/08/2024,1,1,Cylinder Head Gasket Set,,,,Accepted,500,,LEXUS,2020,GS350,https://www.rockauto.com/info/604/12039100__ra_m.jpg
16,"3.5L V6 Engine ['CHEVROLET', 'PRIZM', '1998-2002', 'LEXUS', 'ES300H', '2013-2018', 'LEXUS', 'ES350', '2007-2020', 'LEXUS', 'GS350', '2007-2020', 'LEXUS', 'GS450H', '2007-2018', 'LEXUS', 'GS460', '2011', 'LEXUS', 'GX460', '2011-2020', 'LEXUS', 'IS300', '2016-2020', 'LEXUS', 'IS350', '2007-2020', 'LEXUS', 'LC500H', '2018-2020', 'LEXUS', 'LS460', '2011-2017', 'LEXUS', 'LS500H', '2018-2020', 'LEXUS', 'LX570', '2008-2020', 'LEXUS', 'NX300H', '2015-2020', 'LEXUS', 'RC300', '2016-2020', 'LEXUS', 'RC350', '2015-2020', 'LEXUS', 'RX350', '2007-2020', 'LEXUS', 'RX450H', '2010-2020', 'PONTIAC', 'VIBE', '2003-2010', 'SCION', 'IM', '2016', 'SCION', 'TC', '2005-2016', 'SCION', 'XA', '2004-2006', 'SCION', 'XB', '2004-2014', 'SCION', 'XD', '2008-2014', 'TOYOTA', '4RUNNER', '2003-2020', 'TOYOTA', 'AVALON', '2005-2018', 'TOYOTA', 'CAMRY', '2002-2017', 'TOYOTA', 'CELICA', '2000-2005', 'TOYOTA', 'COROLLA', '1998-2020', 'TOYOTA', 'COROLLA IM', '2017-2018', 'TOYOTA', 'ECHO', '2000-2005', 'TOYOTA', 'FJ CRUISER', '2007-2014', 'TOYOTA', 'HIGHLANDER', '2001-2019', 'TOYOTA', 'LAND CRUISER', '2008-2020', 'TOYOTA', 'MATRIX', '2003-2014', 'TOYOTA', 'MR2 SPYDER', '2000-2005', 'TOYOTA', 'PRIUS', '2010-2020', 'TOYOTA', 'PRIUS PLUG-IN', '2013-2015', 'TOYOTA', 'PRIUS PRIME', '2017-2020', 'TOYOTA', 'PRIUS V', '2012-2018', 'TOYOTA', 'RAV4', '2004-2018', 'TOYOTA', 'SEQUOIA', '2008-2020', 'TOYOTA', 'SIENNA', '2007-2016', 'TOYOTA', 'SOLARA', '2002-2008', 'TOYOTA', 'TACOMA', '2001-2020', 'TOYOTA', 'TUNDRA', '2005-2020', 'TOYOTA', 'VENZA', '2009-2016', 'TOYOTA', 'YARIS', '2006-2019']",11813,LEXUS,"[{""address"":""Acura Almulla, Car Dealer Rd, Kuwait"",""location"":""https://maps.app.goo.gl/J3oPuFs33svZGpK89""}]",images/LEXUS/LEXUS___GS350___3.5L_V6___Engine_Block_Heater___11813___87421.jpg,,33,0,0,,,0,0,none,0,0,1,,Front,,,,,,,0,,0,,,0,,,14/08/2024,1,1,Engine Block Heater,,,,Accepted,500,,LEXUS,2020,GS350,https://www.rockauto.com/info/1136/11813__ra_m.jpg
16,"3.5L V6 Engine ['LEXUS', 'GS350', '2016-2020']",50480700,LEXUS,"[{""address"":""Acura Almulla, Car Dealer Rd, Kuwait"",""location"":""https://maps.app.goo.gl/J3oPuFs33svZGpK89""}]",images/LEXUS/LEXUS___GS350___3.5L_V6___Engine_Kit_Gasket_Set___50480700___84205.jpg,,Out of Stock,0,0,,,0,0,none,0,0,1,,,,,,,,,0,,0,,,0,,,14/08/2024,1,1,Engine Kit Gasket Set,,,,Accepted,500,,LEXUS,2020,GS350,https://www.rockauto.com/info/604/12039100__ra_m.jpg
16,"3.5L V6 Engine ['LEXUS', 'ES350', '2007-2022', 'LEXUS', 'GS350', '2007-2020', 'LEXUS', 'GS450H', '2007-2018', 'LEXUS', 'GS460', '2008-2011', 'LEXUS', 'GX460', '2010-2018', 'LEXUS', 'IS300', '2016-2022', 'LEXUS', 'IS350', '2006-2022', 'LEXUS', 'LC500H', '2018-2022', 'LEXUS', 'LS460', '2007-2017', 'LEXUS', 'LS500H', '2018-2022', 'LEXUS', 'LS600H', '2008-2016', 'LEXUS', 'LX570', '2008-2018', 'LEXUS', 'RC300', '2016-2022', 'LEXUS', 'RC350', '2015-2022', 'LEXUS', 'RX350', '2007-2022', 'LEXUS', 'RX450H', '2010-2022', 'LEXUS', 'RX450HL', '2021', 'TOYOTA', '4RUNNER', '2010-2018', 'TOYOTA', 'AVALON', '2005-2022', 'TOYOTA', 'CAMRY', '2007-2022', 'TOYOTA', 'FJ CRUISER', '2010-2014', 'TOYOTA', 'HIGHLANDER', '2008-2022', 'TOYOTA', 'LAND CRUISER', '2008-2018', 'TOYOTA', 'RAV4', '2006-2012', 'TOYOTA', 'SEQUOIA', '2008-2018', 'TOYOTA', 'SIENNA', '2007-2020', 'TOYOTA', 'TACOMA', '2016-2022', 'TOYOTA', 'TUNDRA', '2007-2018', 'TOYOTA', 'VENZA', '2009-2015']",V3087,LEXUS,"[{""address"":""Acura Almulla, Car Dealer Rd, Kuwait"",""location"":""https://maps.app.goo.gl/J3oPuFs33svZGpK89""}]",images/LEXUS/LEXUS___GS350___3.5L_V6___Exhaust_Valve___V3087___69698.jpg,,6,0,0,,,0,0,none,0,0,1,,,,,,,,,0,,0,,,0,,,14/08/2024,1,1,Exhaust Valve,,,,Accepted,500,,LEXUS,2020,GS350,https://www.rockauto.com/info/583/V3087-1-ANG__ra_m.jpg
16,"3.5L V6 Engine ['LEXUS', 'ES350', '2019-2022', 'LEXUS', 'GS350', '2016-2020', 'LEXUS', 'GS450H', '2013-2018', 'LEXUS', 'IS350', '2021-2022', 'LEXUS', 'LC500H', '2018-2022', 'LEXUS', 'LS500H', '2018-2022', 'LEXUS', 'RX350', '2016-2022', 'LEXUS', 'RX450H', '2016-2022', 'LEXUS', 'RX450HL', '2021-2022', 'TOYOTA', 'AVALON', '2019-2022', 'TOYOTA', 'CAMRY', '2018-2021', 'TOYOTA', 'HIGHLANDER', '2017-2022', 'TOYOTA', 'SIENNA', '2017-2020', 'TOYOTA', 'TACOMA', '2016-2020']",13255600,LEXUS,"[{""address"":""Acura Almulla, Car Dealer Rd, Kuwait"",""location"":""https://maps.app.goo.gl/J3oPuFs33svZGpK89""}]",images/LEXUS/LEXUS___GS350___3.5L_V6___Intake_Manifold_Gasket___13255600___89979.jpg,,Out of Stock,0,0,,,0,0,none,0,0,1,,,,,,,,,0,,0,,,0,,,14/08/2024,1,1,Intake Manifold Gasket,,,,Accepted,500,,LEXUS,2020,GS350,https://www.rockauto.com/info/604/13255600__ra_m.jpg
16,"3.5L V6 Engine ['LEXUS', 'GS350', '2016-2020', 'LEXUS', 'IS350', '2021-2022', 'LEXUS', 'LC500H', '2018-2022', 'LEXUS', 'LS500H', '2018-2022']",01667500,LEXUS,"[{""address"":""Acura Almulla, Car Dealer Rd, Kuwait"",""location"":""https://maps.app.goo.gl/J3oPuFs33svZGpK89""}]",images/LEXUS/LEXUS___GS350___3.5L_V6___Intake_Plenum_Gasket___01667500___58192.jpg,,Out of Stock,0,0,,,0,0,none,0,0,1,,,,,,,,,0,,0,,,0,,,14/08/2024,1,1,Intake Plenum Gasket,,,,Accepted,500,,LEXUS,2020,GS350,https://www.rockauto.com/info/604/01667500__ra_m.jpg
16,"3.5L V6 Engine ['LEXUS', 'ES350', '2007-2022', 'LEXUS', 'GS350', '2007-2020', 'LEXUS', 'GS450H', '2007-2018', 'LEXUS', 'GX460', '2010-2022', 'LEXUS', 'IS300', '2016-2022', 'LEXUS', 'IS350', '2006-2022', 'LEXUS', 'LC500H', '2018-2021', 'LEXUS', 'LS500H', '2018-2022', 'LEXUS', 'LX570', '2008-2021', 'LEXUS', 'RC300', '2016-2021', 'LEXUS', 'RC350', '2015-2022', 'LEXUS', 'RX350', '2007-2022', 'LEXUS', 'RX450H', '2010-2022', 'LEXUS', 'RX450HL', '2021-2022', 'TOYOTA', '4RUNNER', '2010-2023', 'TOYOTA', 'AVALON', '2005-2022', 'TOYOTA', 'CAMRY', '2007-2022', 'TOYOTA', 'FJ CRUISER', '2010-2014', 'TOYOTA', 'HIGHLANDER', '2008-2022', 'TOYOTA', 'LAND CRUISER', '2008-2021', 'TOYOTA', 'RAV4', '2006-2012', 'TOYOTA', 'SEQUOIA', '2008-2021', 'TOYOTA', 'SIENNA', '2007-2020', 'TOYOTA', 'TACOMA', '2010-2022', 'TOYOTA', 'TUNDRA', '2007-2021', 'TOYOTA', 'VENZA', '2009-2015']",V3086,LEXUS,"[{""address"":""Acura Almulla, Car Dealer Rd, Kuwait"",""location"":""https://maps.app.goo.gl/J3oPuFs33svZGpK89""}]",images/LEXUS/LEXUS___GS350___3.5L_V6___Intake_Valve___V3086___1652.jpg,,5,0,0,,,0,0,none,0,0,1,,,,,,,,,0,,0,,,0,,,14/08/2024,1,1,Intake Valve,,,,Accepted,500,,LEXUS,2020,GS350,https://www.rockauto.com/info/583/V3086-1-ANG__ra_m.jpg
16,"3.5L V6 Engine ['LEXUS', 'GS200T', '2016-2017', 'LEXUS', 'GS300', '2018-2019', 'LEXUS', 'GS350', '2013-2020', 'LEXUS', 'GS450H', '2013-2018', 'LEXUS', 'IS200T', '2016-2017', 'LEXUS', 'IS300', '2018-2022', 'LEXUS', 'RC200T', '2016-2017', 'LEXUS', 'RC300', '2018-2022']",10234,LEXUS,"[{""address"":""Acura Almulla, Car Dealer Rd, Kuwait"",""location"":""https://maps.app.goo.gl/J3oPuFs33svZGpK89""}]",images/LEXUS/LEXUS___GS350___3.5L_V6___Motor_Mount___10234___49831.jpg,,41,0,0,,,0,0,none,0,0,1,,,,,,,,,0,,0,,,0,,,14/08/2024,1,1,Motor Mount,,,,Accepted,500,,LEXUS,2020,GS350,https://www.rockauto.com/info/28/10234-000__ra_m.jpg
16,"3.5L V6 Engine ['LEXUS', 'GS300', '2006', 'LEXUS', 'GS350', '2007-2020', 'LEXUS', 'IS250', '2006-2015', 'LEXUS', 'IS300', '2016-2021', 'LEXUS', 'IS350', '2011-2021', 'LEXUS', 'RC300', '2016-2021', 'LEXUS', 'RC350', '2015-2021']",EM7451,LEXUS,"[{""address"":""Acura Almulla, Car Dealer Rd, Kuwait"",""location"":""https://maps.app.goo.gl/J3oPuFs33svZGpK89""}]",images/LEXUS/LEXUS___GS350___3.5L_V6___Motor_Mount___EM7451___93467.jpg,,35,0,0,,,0,0,none,0,0,1,,Front,,,,,,,0,,0,,,0,,,14/08/2024,1,1,Motor Mount,,,,Accepted,500,,LEXUS,2020,GS350,https://www.rockauto.com/info/28/10234-000__ra_m.jpg
16,"3.5L V6 Engine ['ACURA', '2014-2022', 'ASTON MARTIN', '2017-2018', 'BMW', '2012-2024', 'BUICK', '2019-2020', 'CADILLAC', '2019-2022', 'CHEVROLET', '2018-2021', 'FORD', '2020-2023', 'GMC', '2018-2022', 'HONDA', '2009-2023', 'HYUNDAI', '2017-2023', 'INFINITI', '2015-2022', 'JAGUAR', '2014-2021', 'KIA', '2021-2022', 'LAND ROVER', '2015-2024', 'LEXUS', '2010-2023', 'LINCOLN', '2019-2022', 'MAZDA', '2011-2023', 'MERCEDES-BENZ', '2020-2023', 'MINI', '2014-2019', 'MITSUBISHI', '2006-2023', 'NISSAN', '2013-2023', 'SCION', '2012-2013', 'SUBARU', '2013-2022', 'TOYOTA', '2010-2022']",22048,LEXUS,"[{""address"":""Acura Almulla, Car Dealer Rd, Kuwait"",""location"":""https://maps.app.goo.gl/J3oPuFs33svZGpK89""}]",images/LEXUS/LEXUS___GS350___3.5L_V6___Oil___22048___68239.jpg,,95,0,0,,,0,0,Full Synthetic ,0,0,1,,,,,,,,,0,,0,,,0,,,14/08/2024,1,1,Oil,,,,Accepted,500,,LEXUS,2020,GS350,https://www.rockauto.com/info/1093/22048__ra_m.jpg
16,"3.5L V6 Engine ['LEXUS', 'CT200H', '2011-2015', 'LEXUS', 'ES300H', '2013-2019', 'LEXUS', 'ES330', '2004-2006', 'LEXUS', 'ES350', '2007-2019', 'LEXUS', 'GS F', '2018-2020', 'LEXUS', 'GS200T', '2016-2017', 'LEXUS', 'GS300', '1998-2019', 'LEXUS', 'GS350', '2007-2020', 'LEXUS', 'GS450H', '2007-2018', 'LEXUS', 'GS460', '2008-2011', 'LEXUS', 'GX460', '2010-2021', 'LEXUS', 'HS250H', '2010-2012', 'LEXUS', 'IS F', '2008-2010', 'LEXUS', 'IS200T', '2017', 'LEXUS', 'IS250', '2006-2015', 'LEXUS', 'IS300', '2001-2020', 'LEXUS', 'IS350', '2006-2020', 'LEXUS', 'LC500', '2018-2021', 'LEXUS', 'LC500H', '2018-2021', 'LEXUS', 'LFA', '2012', 'LEXUS', 'LS460', '2007-2017', 'LEXUS', 'LS500', '2018-2021', 'LEXUS', 'LS500H', '2018-2021', 'LEXUS', 'LS600H', '2008-2015', 'LEXUS', 'LX570', '2008-2019', 'LEXUS', 'NX200T', '2015-2016', 'LEXUS', 'NX300', '2018-2021', 'LEXUS', 'NX300H', '2015-2021', 'LEXUS', 'RC F', '2015-2019', 'LEXUS', 'RC200T', '2017', 'LEXUS', 'RC300', '2018-2019', 'LEXUS', 'RC350', '2015-2019', 'LEXUS', 'RX300', '2003', 'LEXUS', 'RX330', '2004-2006', 'LEXUS', 'RX350', '2007-2021', 'LEXUS', 'RX400H', '2006-2007', 'LEXUS', 'RX450H', '2010-2021', 'LEXUS', 'UX200', '2019-2021', 'LEXUS', 'UX250H', '2019-2021', 'SCION', 'TC', '2005-2015', 'SCION', 'XA', '2004-2006', 'SCION', 'XB', '2004-2015', 'SCION', 'XD', '2008-2013', 'TOYOTA', '4RUNNER', '1995-2021', 'TOYOTA', 'AVALON', '2002-2018', 'TOYOTA', 'C-HR', '2018-2021', 'TOYOTA', 'CAMRY', '2002-2021', 'TOYOTA', 'CELICA', '2002-2005', 'TOYOTA', 'COROLLA', '2003-2021', 'TOYOTA', 'COROLLA IM', '2017-2018', 'TOYOTA', 'ECHO', '2001-2004', 'TOYOTA', 'FJ CRUISER', '2007-2014', 'TOYOTA', 'HIGHLANDER', '2003-2021', 'TOYOTA', 'LAND CRUISER', '2008-2021', 'TOYOTA', 'MATRIX', '2003-2014', 'TOYOTA', 'MR2 SPYDER', '2002-2005', 'TOYOTA', 'PICKUP', '1995', 'TOYOTA', 'PRIUS', '2003-2021', 'TOYOTA', 'PRIUS C', '2012-2019', 'TOYOTA', 'PRIUS PLUG-IN', '2013-2015', 'TOYOTA', 'PRIUS PRIME', '2017-2021', 'TOYOTA', 'PRIUS V', '2012-2018', 'TOYOTA', 'RAV4', '1998-2021', 'TOYOTA', 'RAV4 PRIME', '2021', 'TOYOTA', 'SEQUOIA', '2009-2021', 'TOYOTA', 'SIENNA', '2003-2016', 'TOYOTA', 'SOLARA', '2003-2008', 'TOYOTA', 'T100', '1995-1998', 'TOYOTA', 'TACOMA', '1995-2021', 'TOYOTA', 'TUNDRA', '2000-2021', 'TOYOTA', 'VENZA', '2009-2021', 'TOYOTA', 'YARIS', '2006-2019']",A700114,LEXUS,"[{""address"":""Acura Almulla, Car Dealer Rd, Kuwait"",""location"":""https://maps.app.goo.gl/J3oPuFs33svZGpK89""}]",images/LEXUS/LEXUS___GS350___3.5L_V6___Oil_Drain_Plug___A700114___87448.jpg,,2,0,0,,,0,0,none,0,0,1,,,,,,,,,0,,0,,,0,,,14/08/2024,1,1,Oil Drain Plug,,,,Accepted,500,,LEXUS,2020,GS350,https://www.rockauto.com/info/1202/A70-0114_02__ra_m.jpg
16,"3.5L V6 Engine ['LEXUS', 'CT200H', '2011-2015', 'LEXUS', 'ES250', '2022', 'LEXUS', 'ES300', '1992-1995', 'LEXUS', 'ES300H', '2014-2022', 'LEXUS', 'ES330', '2004-2006', 'LEXUS', 'ES350', '2014-2022', 'LEXUS', 'GS F', '2018-2020', 'LEXUS', 'GS300', '1993-2006', 'LEXUS', 'GS350', '2007-2020', 'LEXUS', 'GS400', '1998', 'LEXUS', 'GS430', '2001-2007', 'LEXUS', 'GS450H', '2015-2018', 'LEXUS', 'GS460', '2008-2010', 'LEXUS', 'GX460', '2014-2023', 'LEXUS', 'GX470', '2003-2007', 'LEXUS', 'HS250H', '2012', 'LEXUS', 'IS F', '2008-2010', 'LEXUS', 'IS200T', '2017', 'LEXUS', 'IS250', '2006-2015', 'LEXUS', 'IS300', '2001-2022', 'LEXUS', 'IS350', '2006-2022', 'LEXUS', 'LC500', '2019-2023', 'LEXUS', 'LC500H', '2019-2023', 'LEXUS', 'LS400', '1995-1998', 'LEXUS', 'LS430', '2002-2006', 'LEXUS', 'LS460', '2008-2017', 'LEXUS', 'LS500', '2019-2023', 'LEXUS', 'LS500H', '2019-2023', 'LEXUS', 'LS600H', '2015', 'LEXUS', 'LX450', '1996-1997', 'LEXUS', 'LX470', '1998-2007', 'LEXUS', 'LX570', '2008-2019', 'LEXUS', 'LX600', '2022', 'LEXUS', 'NX200T', '2015-2016', 'LEXUS', 'NX300', '2019-2021', 'LEXUS', 'NX300H', '2015-2021', 'LEXUS', 'RC F', '2015-2023', 'LEXUS', 'RC200T', '2017', 'LEXUS', 'RC300', '2022-2023', 'LEXUS', 'RC350', '2015-2023', 'LEXUS', 'RX300', '1999', 'LEXUS', 'RX330', '2004-2006', 'LEXUS', 'RX350', '2008-2023', 'LEXUS', 'RX350H', '2023', 'LEXUS', 'RX400H', '2006', 'LEXUS', 'RX450H', '2010-2022', 'LEXUS', 'RX450HL', '2022', 'LEXUS', 'RX500H', '2023', 'LEXUS', 'SC300', '1997-1999', 'LEXUS', 'SC400', '1995-2000', 'LEXUS', 'SC430', '2002-2007', 'LEXUS', 'UX200', '2019-2022', 'LEXUS', 'UX250H', '2019-2022', 'SCION', 'IQ', '2012', 'SCION', 'TC', '2006-2013', 'SCION', 'XA', '2006', 'SCION', 'XB', '2006-2015', 'SCION', 'XD', '2008-2012', 'TOYOTA', '4RUNNER', '1990-2023', 'TOYOTA', 'AVALON', '1995-2022', 'TOYOTA', 'C-HR', '2021', 'TOYOTA', 'CAMRY', '1993-2023', 'TOYOTA', 'CELICA', '1992-2005', 'TOYOTA', 'COROLLA', '1993-2023', 'TOYOTA', 'COROLLA IM', '2017', 'TOYOTA', 'ECHO', '2001-2003', 'TOYOTA', 'FJ CRUISER', '2012', 'TOYOTA', 'HIGHLANDER', '2001-2022', 'TOYOTA', 'LAND CRUISER', '1991-2021', 'TOYOTA', 'MATRIX', '2003-2013', 'TOYOTA', 'MR2', '1994-1995', 'TOYOTA', 'MR2 SPYDER', '2000-2005', 'TOYOTA', 'PASEO', '1992-1993', 'TOYOTA', 'PICKUP', '1992-1995', 'TOYOTA', 'PREVIA', '1991-1996', 'TOYOTA', 'PRIUS', '2002-2022', 'TOYOTA', 'PRIUS C', '2012-2016', 'TOYOTA', 'PRIUS PRIME', '2020-2022', 'TOYOTA', 'PRIUS V', '2012-2017', 'TOYOTA', 'RAV4', '1997-2023', 'TOYOTA', 'SEQUOIA', '2002-2019', 'TOYOTA', 'SIENNA', '1998-2023', 'TOYOTA', 'SOLARA', '1999-2008', 'TOYOTA', 'SUPRA', '1993-1996', 'TOYOTA', 'T100', '1994-1998', 'TOYOTA', 'TACOMA', '1995-2023', 'TOYOTA', 'TERCEL', '1992-1998', 'TOYOTA', 'TUNDRA', '2000-2023', 'TOYOTA', 'VENZA', '2021-2023', 'TOYOTA', 'YARIS', '2007-2017']",095156,LEXUS,"[{""address"":""Acura Almulla, Car Dealer Rd, Kuwait"",""location"":""https://maps.app.goo.gl/J3oPuFs33svZGpK89""}]",images/LEXUS/LEXUS___GS350___3.5L_V6___Oil_Drain_Plug_Gasket___095156___42386.jpg,,2,0,0,,,0,0,none,0,0,1,,,,,,,,,0,,0,,,0,,,14/08/2024,1,1,Oil Drain Plug Gasket,,,,Accepted,500,,LEXUS,2020,GS350,https://www.rockauto.com/info/6952/6952_ULTRAPOWER%20DORMAN_095156_1__ra_m.jpg
16,"3.5L V6 Engine ['LEXUS', 'CT200H', '2011-2015', 'LEXUS', 'ES250', '2022', 'LEXUS', 'ES300H', '2013-2023', 'LEXUS', 'ES350', '2011-2023', 'LEXUS', 'GS200T', '2016-2017', 'LEXUS', 'GS300', '2018-2019', 'LEXUS', 'GS350', '2015-2020', 'LEXUS', 'GS450H', '2015-2018', 'LEXUS', 'GS460', '2008-2011', 'LEXUS', 'GX460', '2010-2023', 'LEXUS', 'HS250H', '2010-2012', 'LEXUS', 'IS200T', '2017', 'LEXUS', 'IS250', '2014-2015', 'LEXUS', 'IS300', '2017-2022', 'LEXUS', 'IS350', '2009-2022', 'LEXUS', 'LC500', '2018-2023', 'LEXUS', 'LC500H', '2018-2023', 'LEXUS', 'LFA', '2012', 'LEXUS', 'LS460', '2007-2017', 'LEXUS', 'LS500', '2018-2023', 'LEXUS', 'LS500H', '2018-2023', 'LEXUS', 'LS600H', '2008-2015', 'LEXUS', 'LX570', '2008-2019', 'LEXUS', 'LX600', '2022', 'LEXUS', 'NX200T', '2015-2016', 'LEXUS', 'NX300', '2018-2021', 'LEXUS', 'NX300H', '2015-2021', 'LEXUS', 'NX450H+', '2023', 'LEXUS', 'RC200T', '2017', 'LEXUS', 'RC300', '2018-2023', 'LEXUS', 'RC350', '2015-2023', 'LEXUS', 'RX350', '2013-2023', 'LEXUS', 'RX350H', '2023', 'LEXUS', 'RX450H', '2010-2022', 'LEXUS', 'RX450HL', '2022', 'LEXUS', 'RX500H', '2023', 'LEXUS', 'UX200', '2019-2022', 'LEXUS', 'UX250H', '2019-2023', 'SCION', 'IQ', '2012-2015', 'SCION', 'TC', '2006-2015', 'SCION', 'XB', '2008-2015', 'SCION', 'XD', '2008-2013', 'TOYOTA', '4RUNNER', '2011-2023', 'TOYOTA', '86', '2017', 'TOYOTA', 'AVALON', '2005-2022', 'TOYOTA', 'AVANZA', '2007-2016', 'TOYOTA', 'C-HR', '2018-2021', 'TOYOTA', 'CAMRY', '2007-2023', 'TOYOTA', 'COROLLA', '2009-2022', 'TOYOTA', 'COROLLA CROSS', '2022', 'TOYOTA', 'COROLLA IM', '2017-2018', 'TOYOTA', 'FJ CRUISER', '2012-2014', 'TOYOTA', 'HIACE', '2007-2022', 'TOYOTA', 'HIGHLANDER', '2007-2022', 'TOYOTA', 'HILUX', '2014-2022', 'TOYOTA', 'LAND CRUISER', '2008-2021', 'TOYOTA', 'MATRIX', '2009-2014', 'TOYOTA', 'PRIUS', '2010-2019', 'TOYOTA', 'PRIUS C', '2012-2021', 'TOYOTA', 'PRIUS PLUG-IN', '2013-2015', 'TOYOTA', 'PRIUS PRIME', '2017-2019', 'TOYOTA', 'PRIUS V', '2012-2018', 'TOYOTA', 'RAIZE', '2022', 'TOYOTA', 'RAV4', '2006-2023', 'TOYOTA', 'RAV4 PRIME', '2021-2023', 'TOYOTA', 'SEQUOIA', '2009-2023', 'TOYOTA', 'SIENNA', '2008-2023', 'TOYOTA', 'SOLARA', '2006-2008', 'TOYOTA', 'TACOMA', '2008-2023', 'TOYOTA', 'TUNDRA', '2005-2023', 'TOYOTA', 'VENZA', '2009-2023']",MO155,LEXUS,"[{""address"":""Acura Almulla, Car Dealer Rd, Kuwait"",""location"":""https://maps.app.goo.gl/J3oPuFs33svZGpK89""}]",images/LEXUS/LEXUS___GS350___3.5L_V6___Oil_Filler_Cap___MO155___6044.jpg,,4,0,0,,,0,0,none,0,0,1,,,,,,,,,0,,0,,,0,,,14/08/2024,1,1,Oil Filler Cap,,,,Accepted,500,,LEXUS,2020,GS350,https://www.rockauto.com/info/595/MO155_ANGLE__ra_m.jpg
16,"3.5L V6 Engine ['GEO', 'PRIZM', '1993-1997', 'LEXUS', 'CT200H', '2011-2017', 'LEXUS', 'ES350', '2007-2022', 'LEXUS', 'GS300', '2006', 'LEXUS', 'GS350', '2016-2020', 'LEXUS', 'GS400', '1998-2000', 'LEXUS', 'GS450H', '2013-2018', 'LEXUS', 'HS250H', '2010-2012', 'LEXUS', 'IS250', '2006-2009', 'LEXUS', 'IS350', '2006-2012', 'LEXUS', 'LS400', '1990-1997', 'LEXUS', 'LX470', '1998-2002', 'LEXUS', 'RX350', '2009-2022', 'LEXUS', 'RX450H', '2016-2022', 'LEXUS', 'SC400', '1992-1998', 'PONTIAC', 'VIBE', '2003-2010', 'SCION', 'IM', '2016', 'SCION', 'TC', '2006-2010', 'TOYOTA', '4RUNNER', '1984-2020', 'TOYOTA', 'AVALON', '2005-2022', 'TOYOTA', 'C-HR', '2018-2022', 'TOYOTA', 'CAMRY', '1987-2022', 'TOYOTA', 'CELICA', '1975-2005', 'TOYOTA', 'COROLLA', '1977-2019', 'TOYOTA', 'COROLLA IM', '2017-2018', 'TOYOTA', 'CORONA', '1975-1982', 'TOYOTA', 'CRESSIDA', '1989-1992', 'TOYOTA', 'ECHO', '2002-2005', 'TOYOTA', 'FJ CRUISER', '2008-2009', 'TOYOTA', 'HIACE', '2006-2009', 'TOYOTA', 'HIGHLANDER', '2003-2022', 'TOYOTA', 'HILUX', '2009-2011', 'TOYOTA', 'LAND CRUISER', '1973-2004', 'TOYOTA', 'MATRIX', '2003-2014', 'TOYOTA', 'MR2', '1991-1995', 'TOYOTA', 'MR2 SPYDER', '2000-2006', 'TOYOTA', 'PASEO', '1995-1999', 'TOYOTA', 'PICKUP', '1975-1984', 'TOYOTA', 'PRIUS', '2010-2015', 'TOYOTA', 'PRIUS PLUG-IN', '2013-2015', 'TOYOTA', 'PRIUS V', '2012-2015', 'TOYOTA', 'RAV4', '2001-2023', 'TOYOTA', 'SEQUOIA', '2009-2018', 'TOYOTA', 'SIENNA', '2010-2020', 'TOYOTA', 'SUPRA', '1986-1992', 'TOYOTA', 'T100', '1994-1998', 'TOYOTA', 'TACOMA', '1995-2015', 'TOYOTA', 'TERCEL', '1995-1999', 'TOYOTA', 'TUNDRA', '2004-2019', 'TOYOTA', 'VENZA', '2009-2016', 'TOYOTA', 'YARIS', '2006-2013']",00519100,LEXUS,"[{""address"":""Acura Almulla, Car Dealer Rd, Kuwait"",""location"":""https://maps.app.goo.gl/J3oPuFs33svZGpK89""}]",images/LEXUS/LEXUS___GS350___3.5L_V6___Oil_Filler_Cap_Gasket___00519100___55037.jpg,,2,0,0,,,0,0,none,0,0,1,,,,,,,,,0,,0,,,0,,,14/08/2024,1,1,Oil Filler Cap Gasket,,,,Accepted,500,,LEXUS,2020,GS350,https://www.rockauto.com/info/604/00519100__ra_m.jpg
16,"3.5L V6 Engine ['LEXUS', 'GS300', '2006', 'LEXUS', 'GS350', '2007-2020', 'LEXUS', 'GS450H', '2007-2018', 'LEXUS', 'GS460', '2008-2011', 'LEXUS', 'GX460', '2010-2022', 'LEXUS', 'IS250', '2006-2015', 'LEXUS', 'IS300', '2016-2022', 'LEXUS', 'IS350', '2006-2019', 'LEXUS', 'LS460', '2007-2017', 'LEXUS', 'LS500', '2018-2022', 'LEXUS', 'LS600H', '2008-2016', 'LEXUS', 'RC300', '2016-2022', 'LEXUS', 'RC350', '2015-2022', 'TOYOTA', '4RUNNER', '2010-2022', 'TOYOTA', 'FJ CRUISER', '2010-2014', 'TOYOTA', 'TUNDRA', '2011-2014']",M1C256A,LEXUS,"[{""address"":""Acura Almulla, Car Dealer Rd, Kuwait"",""location"":""https://maps.app.goo.gl/J3oPuFs33svZGpK89""}]",images/LEXUS/LEXUS___GS350___3.5L_V6___Oil_Filter___M1C256A___59243.jpg,,12,0,0,,,0,0,High Performance / Heavy Duty ,0,0,1,,,,,,,,,0,,0,,,0,,,14/08/2024,1,1,Oil Filter,,,,Accepted,500,,LEXUS,2020,GS350,https://www.rockauto.com/info/267/M1C-256A_P04_FRO__ra_m.jpg
16,"3.5L V6 Engine ['LEXUS', 'GS300', '2006', 'LEXUS', 'GS350', '2007-2020', 'LEXUS', 'IS250', '2006-2015', 'LEXUS', 'IS300', '2016-2021', 'LEXUS', 'IS350', '2011-2021', 'LEXUS', 'RC300', '2016-2021', 'LEXUS', 'RC350', '2015-2021']",A700768,LEXUS,"[{""address"":""Acura Almulla, Car Dealer Rd, Kuwait"",""location"":""https://maps.app.goo.gl/J3oPuFs33svZGpK89""}]",images/LEXUS/LEXUS___GS350___3.5L_V6___Oil_Filter_Cover___A700768___59099.jpg,,34,0,0,,,0,0,none,0,0,1,,,,,,,,,0,,0,,,0,,,14/08/2024,1,1,Oil Filter Cover,,,,Accepted,500,,LEXUS,2020,GS350,https://www.rockauto.com/info/1202/A70-0768_02__ra_m.jpg
16,"3.5L V6 Engine ['LEXUS', 'GS300', '2006', 'LEXUS', 'GS350', '2007-2020', 'LEXUS', 'IS250', '2006-2015', 'LEXUS', 'IS300', '2016-2020', 'LEXUS', 'IS350', '2011-2020', 'LEXUS', 'LS500H', '2018-2020', 'LEXUS', 'RC300', '2016-2020', 'LEXUS', 'RC350', '2015-2020']",264594,LEXUS,"[{""address"":""Acura Almulla, Car Dealer Rd, Kuwait"",""location"":""https://maps.app.goo.gl/J3oPuFs33svZGpK89""}]",images/LEXUS/LEXUS___GS350___3.5L_V6___Oil_Pan___264594___71678.jpg,,30,0,0,,,0,0,none,0,0,1,,,,,,,,,0,,0,,,0,,,14/08/2024,1,1,Oil Pan,,,,Accepted,500,,LEXUS,2020,GS350,https://www.rockauto.com/info/42/264-594-007__ra_m.jpg
16,"3.5L V6 Belt Drive ['LEXUS', 'ES350', '2013-2018', 'LEXUS', 'GS300', '2006', 'LEXUS', 'GS350', '2007-2015', 'LEXUS', 'IS250', '2006-2015', 'LEXUS', 'IS300', '2016-2018', 'LEXUS', 'IS350', '2006-2018', 'LEXUS', 'RC300', '2016-2018', 'LEXUS', 'RC350', '2015-2018', 'LEXUS', 'RX350', '2010-2015', 'TOYOTA', 'AVALON', '2013-2018', 'TOYOTA', 'CAMRY', '2012-2017', 'TOYOTA', 'HIGHLANDER', '2008-2016', 'TOYOTA', 'RAV4', '2006-2012', 'TOYOTA', 'SIENNA', '2011-2016', 'TOYOTA', 'VENZA', '2009-2016']",7K610,LEXUS,"[{""address"":""Acura Almulla, Car Dealer Rd, Kuwait"",""location"":""https://maps.app.goo.gl/J3oPuFs33svZGpK89""}]",images/LEXUS/LEXUS___IS350___3.5L_V6___Belt___7K610___41329.jpg,,28,0,0,,,0,0,Standard Replacement ,0,0,1,,,,,,,,,0,,0,,,0,,,14/08/2024,1,1,Belt,,,,Accepted,500,,LEXUS,2011,IS350,https://www.rockauto.com/info/335/19145329_Primary__ra_m.jpg
16,"3.5L V6 Belt Drive ['LEXUS', 'IS350', '2006-2013']",KIT6123759,LEXUS,"[{""address"":""Acura Almulla, Car Dealer Rd, Kuwait"",""location"":""https://maps.app.goo.gl/J3oPuFs33svZGpK89""}]",images/LEXUS/LEXUS___IS350___3.5L_V6___Belt_Tensioner___KIT6123759___54902.jpg,,229,0,0,,,0,0,Kit ,0,0,1,,,,,,,,,0,,0,,,0,,,14/08/2024,1,1,Belt Tensioner,,,,Accepted,500,,LEXUS,2011,IS350,https://www.rockauto.com/info/335/7K610_Primary__ra_m.jpg
16,"3.5L V6 Belt Drive ['LEXUS', 'ES350', '2007-2022', 'LEXUS', 'GS350', '2007-2020', 'LEXUS', 'IS250', '2006-2015', 'LEXUS', 'IS300', '2016-2022', 'LEXUS', 'IS350', '2006-2022', 'LEXUS', 'RC300', '2016-2022', 'LEXUS', 'RC350', '2015-2022', 'LEXUS', 'RX350', '2007-2022', 'TOYOTA', '4RUNNER', '2003-2023', 'TOYOTA', 'AVALON', '2005-2022', 'TOYOTA', 'CAMRY', '2007-2022', 'TOYOTA', 'FJ CRUISER', '2007-2014', 'TOYOTA', 'HIGHLANDER', '2008-2022', 'TOYOTA', 'RAV4', '2006-2012', 'TOYOTA', 'SIENNA', '2007-2020', 'TOYOTA', 'TACOMA', '2005-2022', 'TOYOTA', 'TUNDRA', '2005-2014', 'TOYOTA', 'VENZA', '2009-2016']",49127,LEXUS,"[{""address"":""Acura Almulla, Car Dealer Rd, Kuwait"",""location"":""https://maps.app.goo.gl/J3oPuFs33svZGpK89""}]",images/LEXUS/LEXUS___IS350___3.5L_V6___Idler_Pulley___49127___83343.jpg,,27,0,0,,,0,0,none,0,0,1,,,,,,,,,0,,0,,,0,,,14/08/2024,1,1,Idler Pulley,,,,Accepted,500,,LEXUS,2011,IS350,https://www.rockauto.com/info/147/49127_VIEW%201__ra_m.jpg
16,"3.5L V6 Body & Lamp Assembly ['LEXUS', 'ES350', '2009-2011', 'LEXUS', 'GS350', '2009-2011', 'LEXUS', 'GS450H', '2009-2011', 'LEXUS', 'GS460', '2009-2011', 'LEXUS', 'GX460', '2010-2012', 'LEXUS', 'GX470', '2009', 'LEXUS', 'HS250H', '2010-2011', 'LEXUS', 'IS F', '2009-2011', 'LEXUS', 'IS250', '2009-2011', 'LEXUS', 'IS350', '2009-2011', 'LEXUS', 'LFA', '2012', 'LEXUS', 'LS460', '2009-2011', 'LEXUS', 'LS600H', '2009-2011', 'LEXUS', 'LX570', '2009-2011', 'LEXUS', 'RX350', '2009-2011', 'LEXUS', 'RX450H', '2010-2011', 'LEXUS', 'SC430', '2009-2010']",40LX31,LEXUS,"[{""address"":""Acura Almulla, Car Dealer Rd, Kuwait"",""location"":""https://maps.app.goo.gl/J3oPuFs33svZGpK89""}]",images/LEXUS/LEXUS___IS350___3.5L_V6___Antenna_Cable___40LX31___56224.jpg,,21,0,0,,,0,0,none,0,0,1,,,,,,,,,0,,0,,,0,,,14/08/2024,1,1,Antenna Cable,,,,Accepted,500,,LEXUS,2011,IS350,https://www.rockauto.com/info/1195/40-LX31__ra_m.jpg
16,"3.5L V6 Body & Lamp Assembly ['LEXUS', 'IS250', '2011-2013', 'LEXUS', 'IS350', '2011-2013']",LX1000216,LEXUS,"[{""address"":""Acura Almulla, Car Dealer Rd, Kuwait"",""location"":""https://maps.app.goo.gl/J3oPuFs33svZGpK89""}]",images/LEXUS/LEXUS___IS350___3.5L_V6___Bumper___LX1000216___65198.jpg,,79,0,0,,,0,0,none,0,0,1,,Front,,,,,,,0,,0,,,0,,,14/08/2024,1,1,Bumper,,,,Accepted,500,,LEXUS,2011,IS350,https://www.rockauto.com/info/69/T2_LX1000216C_Fro__ra_m.jpg
16,"3.5L V6 Body & Lamp Assembly ['LEXUS', 'IS250', '2009-2013', 'LEXUS', 'IS350', '2009-2013']",LX1100140,LEXUS,"[{""address"":""Acura Almulla, Car Dealer Rd, Kuwait"",""location"":""https://maps.app.goo.gl/J3oPuFs33svZGpK89""}]",images/LEXUS/LEXUS___IS350___3.5L_V6___Bumper___LX1100140___14425.jpg,,61,0,0,,,0,0,none,0,0,1,,Rear,,,,,,,0,,0,,,0,,,14/08/2024,1,1,Bumper,,,,Accepted,500,,LEXUS,2011,IS350,https://www.rockauto.com/info/69/T2_LX1100140C_Fro__ra_m.jpg
16,"3.5L V6 Body & Lamp Assembly ['LEXUS', 'IS350', '2006-2013']",LX1067102,LEXUS,"[{""address"":""Acura Almulla, Car Dealer Rd, Kuwait"",""location"":""https://maps.app.goo.gl/J3oPuFs33svZGpK89""}]",images/LEXUS/LEXUS___IS350___3.5L_V6___Bumper_Bracket___LX1067102___87671.jpg,,3,0,0,,,0,0,none,0,0,1,,Front Right,,,,,,,0,,0,,,0,,,14/08/2024,1,1,Bumper Bracket,,,,Accepted,500,,LEXUS,2011,IS350,https://www.rockauto.com/info/69/T2_LX1067102_Fro__ra_m.jpg
16,"3.5L V6 Body & Lamp Assembly ['LEXUS', 'IS350', '2006-2013']",LX1066102,LEXUS,"[{""address"":""Acura Almulla, Car Dealer Rd, Kuwait"",""location"":""https://maps.app.goo.gl/J3oPuFs33svZGpK89""}]",images/LEXUS/LEXUS___IS350___3.5L_V6___Bumper_Bracket___LX1066102___12194.jpg,,4,0,0,,,0,0,none,0,0,1,,Front Left,,,,,,,0,,0,,,0,,,14/08/2024,1,1,Bumper Bracket,,,,Accepted,500,,LEXUS,2011,IS350,https://www.rockauto.com/info/69/T2_LX1066102_Fro__ra_m.jpg
16,"3.5L V6 Body & Lamp Assembly ['LEXUS', 'IS250', '2011-2015', 'LEXUS', 'IS350', '2011-2015']",LX1070122,LEXUS,"[{""address"":""Acura Almulla, Car Dealer Rd, Kuwait"",""location"":""https://maps.app.goo.gl/J3oPuFs33svZGpK89""}]",images/LEXUS/LEXUS___IS350___3.5L_V6___Bumper_Energy_Absorber___LX1070122___90407.jpg,,22,0,0,,,0,0,none,0,0,1,,Front,,,,,,,0,,0,,,0,,,14/08/2024,1,1,Bumper Energy Absorber,,,,Accepted,500,,LEXUS,2011,IS350,https://www.rockauto.com/info/69/T2_LX1070122_Fro__ra_m.jpg
16,"3.5L V6 Body & Lamp Assembly ['LEXUS', 'IS250', '2006-2013', 'LEXUS', 'IS350', '2006-2013']",LX1170125,LEXUS,"[{""address"":""Acura Almulla, Car Dealer Rd, Kuwait"",""location"":""https://maps.app.goo.gl/J3oPuFs33svZGpK89""}]",images/LEXUS/LEXUS___IS350___3.5L_V6___Bumper_Energy_Absorber___LX1170125___64756.jpg,,Out of Stock,0,0,,,0,0,none,0,0,1,,Rear,,,,,,,0,,0,,,0,,,14/08/2024,1,1,Bumper Energy Absorber,,,,Accepted,500,,LEXUS,2011,IS350,https://www.rockauto.com/info/69/T2_LX1070122_Fro__ra_m.jpg
16,"3.5L V6 Body & Lamp Assembly ['LEXUS', 'IS250', '2006-2013', 'LEXUS', 'IS350', '2006-2013']",LX1006131,LEXUS,"[{""address"":""Acura Almulla, Car Dealer Rd, Kuwait"",""location"":""https://maps.app.goo.gl/J3oPuFs33svZGpK89""}]",images/LEXUS/LEXUS___IS350___3.5L_V6___Bumper_Reinforcement___LX1006131___80132.jpg,,Out of Stock,0,0,,,0,0,none,0,0,1,,Front,,,,,,,0,,0,,,0,,,14/08/2024,1,1,Bumper Reinforcement,,,,Accepted,500,,LEXUS,2011,IS350,https://www.rockauto.com/info/69/T2_LX1006131_Fro__ra_m.jpg
16,"3.5L V6 Body & Lamp Assembly ['LEXUS', 'IS250', '2006-2013', 'LEXUS', 'IS350', '2006-2013']",LX1106124,LEXUS,"[{""address"":""Acura Almulla, Car Dealer Rd, Kuwait"",""location"":""https://maps.app.goo.gl/J3oPuFs33svZGpK89""}]",images/LEXUS/LEXUS___IS350___3.5L_V6___Bumper_Reinforcement___LX1106124___68320.jpg,,Out of Stock,0,0,,,0,0,none,0,0,1,,Rear,,,,,,,0,,0,,,0,,,14/08/2024,1,1,Bumper Reinforcement,,,,Accepted,500,,LEXUS,2011,IS350,https://www.rockauto.com/info/69/6255531__ra_m.jpg
16,"3.5L V6 Body & Lamp Assembly ['LEXUS', 'IS F', '2008-2014', 'LEXUS', 'IS250', '2009-2015', 'LEXUS', 'IS350', '2009-2015', 'LEXUS', 'RX350', '2010-2012', 'LEXUS', 'RX450H', '2010-2012', 'TOYOTA', 'CELICA', '2000-2005']",963135D,LEXUS,"[{""address"":""Acura Almulla, Car Dealer Rd, Kuwait"",""location"":""https://maps.app.goo.gl/J3oPuFs33svZGpK89""}]",images/LEXUS/LEXUS___IS350___3.5L_V6___Bumper_Retainer___963135D___63830.jpg,,3,0,0,,,0,0,none,0,0,1,,Front,,,,,,,0,,0,,,0,,,14/08/2024,1,1,Bumper Retainer,,,,Accepted,500,,LEXUS,2011,IS350,https://www.rockauto.com/info/42/963-135D-007__ra_m.jpg
16,"3.5L V6 Body & Lamp Assembly ['LEXUS', 'IS250', '2011-2015', 'LEXUS', 'IS350', '2011-2015']",323241109L8UD,LEXUS,"[{""address"":""Acura Almulla, Car Dealer Rd, Kuwait"",""location"":""https://maps.app.goo.gl/J3oPuFs33svZGpK89""}]",images/LEXUS/LEXUS___IS350___3.5L_V6___Bumper_Support___323241109L8UD___84771.jpg,,24,0,0,,,0,0,none,0,0,1,,Front Left,,,,,,,0,,0,,,0,,,14/08/2024,1,1,Bumper Support,,,,Accepted,500,,LEXUS,2011,IS350,https://www.rockauto.com/info/831/32-324-1109L8UD__ra_m.jpg
16,"3.5L V6 Body & Lamp Assembly ['LEXUS', 'IS250', '2011-2015', 'LEXUS', 'IS350', '2011-2015']",323241109R8UD,LEXUS,"[{""address"":""Acura Almulla, Car Dealer Rd, Kuwait"",""location"":""https://maps.app.goo.gl/J3oPuFs33svZGpK89""}]",images/LEXUS/LEXUS___IS350___3.5L_V6___Bumper_Support___323241109R8UD___7494.jpg,,24,0,0,,,0,0,none,0,0,1,,Front Right,,,,,,,0,,0,,,0,,,14/08/2024,1,1,Bumper Support,,,,Accepted,500,,LEXUS,2011,IS350,https://www.rockauto.com/info/831/32-324-1109R8UD__ra_m.jpg
16,"3.5L V6 Body & Lamp Assembly ['LEXUS', 'ES350', '2007-2012', 'LEXUS', 'IS F', '2008-2014', 'LEXUS', 'IS250', '2006-2013', 'LEXUS', 'IS350', '2006-2013', 'LEXUS', 'LS460', '2007-2017', 'LEXUS', 'LS600H', '2008-2016']",93057,LEXUS,"[{""address"":""Acura Almulla, Car Dealer Rd, Kuwait"",""location"":""https://maps.app.goo.gl/J3oPuFs33svZGpK89""}]",images/LEXUS/LEXUS___IS350___3.5L_V6___Door_Handle___93057___40204.jpg,,87,0,0,,,0,0,none,0,0,1,,Front Left,,,,,,,0,,0,,,0,,,14/08/2024,1,1,Door Handle,,,,Accepted,500,,LEXUS,2011,IS350,https://www.rockauto.com/info/42/93057-007__ra_m.jpg
16,"3.5L V6 Body & Lamp Assembly ['LEXUS', 'IS F', '2008-2012', 'LEXUS', 'IS250', '2006-2012', 'LEXUS', 'IS350', '2006-2012']",93061,LEXUS,"[{""address"":""Acura Almulla, Car Dealer Rd, Kuwait"",""location"":""https://maps.app.goo.gl/J3oPuFs33svZGpK89""}]",images/LEXUS/LEXUS___IS350___3.5L_V6___Door_Handle___93061___62158.jpg,,93,0,0,,,0,0,none,0,0,1,,Front Right,,,,,,,0,,0,,,0,,,14/08/2024,1,1,Door Handle,,,,Accepted,500,,LEXUS,2011,IS350,https://www.rockauto.com/info/42/93061-007__ra_m.jpg
16,"3.5L V6 Body & Lamp Assembly ['LEXUS', 'ES350', '2007-2012', 'LEXUS', 'IS F', '2008-2014', 'LEXUS', 'IS250', '2006-2013', 'LEXUS', 'IS350', '2006-2013', 'LEXUS', 'LS460', '2007-2017', 'LEXUS', 'LS600H', '2008-2016']",93059,LEXUS,"[{""address"":""Acura Almulla, Car Dealer Rd, Kuwait"",""location"":""https://maps.app.goo.gl/J3oPuFs33svZGpK89""}]",images/LEXUS/LEXUS___IS350___3.5L_V6___Door_Handle___93059___25700.jpg,,88,0,0,,,0,0,none,0,0,1,,Rear Left,,,,,,,0,,0,,,0,,,14/08/2024,1,1,Door Handle,,,,Accepted,500,,LEXUS,2011,IS350,https://www.rockauto.com/info/42/93059-007__ra_m.jpg
16,"3.5L V6 Body & Lamp Assembly ['LEXUS', 'ES350', '2007-2012', 'LEXUS', 'IS F', '2008-2014', 'LEXUS', 'IS250', '2006-2013', 'LEXUS', 'IS350', '2006-2013', 'LEXUS', 'LS460', '2007-2017', 'LEXUS', 'LS600H', '2008-2016']",93060,LEXUS,"[{""address"":""Acura Almulla, Car Dealer Rd, Kuwait"",""location"":""https://maps.app.goo.gl/J3oPuFs33svZGpK89""}]",images/LEXUS/LEXUS___IS350___3.5L_V6___Door_Handle___93060___63558.jpg,,93,0,0,,,0,0,none,0,0,1,,Rear Right,,,,,,,0,,0,,,0,,,14/08/2024,1,1,Door Handle,,,,Accepted,500,,LEXUS,2011,IS350,https://www.rockauto.com/info/42/93060-007__ra_m.jpg
16,"3.5L V6 Body & Lamp Assembly ['LEXUS', 'CT200H', '2011-2017', 'LEXUS', 'ES300H', '2013-2018', 'LEXUS', 'ES350', '2007-2018', 'LEXUS', 'GS F', '2016-2020', 'LEXUS', 'GS TURBO', '2017', 'LEXUS', 'GS300', '2018-2019', 'LEXUS', 'GS350', '2013-2020', 'LEXUS', 'GS450H', '2013-2018', 'LEXUS', 'GX460', '2010-2020', 'LEXUS', 'HS250H', '2010-2012', 'LEXUS', 'IS F', '2008-2014', 'LEXUS', 'IS200T', '2016-2017', 'LEXUS', 'IS250', '2006-2015', 'LEXUS', 'IS300', '2016-2020', 'LEXUS', 'IS350', '2006-2020', 'LEXUS', 'LX570', '2008-2020', 'LEXUS', 'NX200T', '2015-2017', 'LEXUS', 'NX300', '2018-2020', 'LEXUS', 'NX300H', '2015-2018', 'LEXUS', 'RX350', '2010-2015', 'LEXUS', 'RX450H', '2010-2015', 'SCION', 'IM', '2016', 'SCION', 'IQ', '2012-2015', 'SCION', 'TC', '2005-2016', 'SCION', 'XB', '2008-2015', 'SCION', 'XD', '2008-2014', 'TOYOTA', '4RUNNER', '2010-2020', 'TOYOTA', 'AVALON', '2013-2020', 'TOYOTA', 'C-HR', '2018-2020', 'TOYOTA', 'CAMRY', '2007-2020', 'TOYOTA', 'CELICA', '1994-1999', 'TOYOTA', 'COROLLA', '1993-2020', 'TOYOTA', 'COROLLA IM', '2017-2018', 'TOYOTA', 'FJ CRUISER', '2007-2014', 'TOYOTA', 'HIGHLANDER', '2001-2020', 'TOYOTA', 'LAND CRUISER', '2008-2020', 'TOYOTA', 'MATRIX', '2003-2013', 'TOYOTA', 'PRIUS', '2001-2020', 'TOYOTA', 'PRIUS C', '2012-2019', 'TOYOTA', 'PRIUS PRIME', '2020', 'TOYOTA', 'PRIUS V', '2012-2017', 'TOYOTA', 'RAV4', '2006-2020', 'TOYOTA', 'SEQUOIA', '2008-2019', 'TOYOTA', 'SIENNA', '2011-2020', 'TOYOTA', 'TACOMA', '2005-2020', 'TOYOTA', 'TUNDRA', '2007-2020', 'TOYOTA', 'VENZA', '2009-2015', 'TOYOTA', 'YARIS', '2007-2019']",924990,LEXUS,"[{""address"":""Acura Almulla, Car Dealer Rd, Kuwait"",""location"":""https://maps.app.goo.gl/J3oPuFs33svZGpK89""}]",images/LEXUS/LEXUS___IS350___3.5L_V6___Door_Hinge___924990___1782.jpg,,11,0,0,,,0,0,none,0,0,1,,,,,,,,,0,,0,,,0,,,14/08/2024,1,1,Door Hinge,,,,Accepted,500,,LEXUS,2011,IS350,https://www.rockauto.com/info/6952/6952_ULTRAPOWER%20DORMAN_924990_1__ra_m.jpg
16,"3.5L V6 Body & Lamp Assembly ['LEXUS', 'CT200H', '2011-2017', 'LEXUS', 'ES300H', '2013-2018', 'LEXUS', 'ES350', '2007-2018', 'LEXUS', 'GS F', '2016-2020', 'LEXUS', 'GS200T', '2016-2017', 'LEXUS', 'GS300', '2018-2019', 'LEXUS', 'GS350', '2013-2020', 'LEXUS', 'GS450H', '2013-2018', 'LEXUS', 'GX460', '2010-2020', 'LEXUS', 'HS250H', '2010-2012', 'LEXUS', 'IS F', '2008-2014', 'LEXUS', 'IS200T', '2016-2017', 'LEXUS', 'IS250', '2006-2015', 'LEXUS', 'IS300', '2016-2020', 'LEXUS', 'IS350', '2006-2020', 'LEXUS', 'LX570', '2008-2020', 'LEXUS', 'NX200T', '2015-2017', 'LEXUS', 'NX300', '2018-2020', 'LEXUS', 'NX300H', '2015-2018', 'LEXUS', 'RX350', '2010-2015', 'LEXUS', 'RX450H', '2010-2015', 'SCION', 'IM', '2016', 'SCION', 'IQ', '2012-2015', 'SCION', 'TC', '2005-2016', 'SCION', 'XB', '2008-2015', 'SCION', 'XD', '2008-2014', 'TOYOTA', '4RUNNER', '2010-2020', 'TOYOTA', 'AVALON', '2013-2020', 'TOYOTA', 'C-HR', '2018-2020', 'TOYOTA', 'CAMRY', '2007-2020', 'TOYOTA', 'CELICA', '1994-1999', 'TOYOTA', 'COROLLA', '1993-2020', 'TOYOTA', 'COROLLA IM', '2017-2018', 'TOYOTA', 'FJ CRUISER', '2007-2014', 'TOYOTA', 'HIGHLANDER', '2001-2020', 'TOYOTA', 'HILUX', '2004-2018', 'TOYOTA', 'LAND CRUISER', '2008-2020', 'TOYOTA', 'MATRIX', '2003-2014', 'TOYOTA', 'PRIUS', '2001-2020', 'TOYOTA', 'PRIUS C', '2012-2020', 'TOYOTA', 'PRIUS PLUG-IN', '2013-2015', 'TOYOTA', 'PRIUS PRIME', '2017-2020', 'TOYOTA', 'PRIUS V', '2012-2018', 'TOYOTA', 'RAV4', '2006-2020', 'TOYOTA', 'SEQUOIA', '2008-2020', 'TOYOTA', 'SIENNA', '2011-2020', 'TOYOTA', 'TACOMA', '2005-2020', 'TOYOTA', 'TUNDRA', '2007-2020', 'TOYOTA', 'VENZA', '2009-2016', 'TOYOTA', 'YARIS', '2006-2019']",924990,LEXUS,"[{""address"":""Acura Almulla, Car Dealer Rd, Kuwait"",""location"":""https://maps.app.goo.gl/J3oPuFs33svZGpK89""}]",images/LEXUS/LEXUS___IS350___3.5L_V6___Door_Hinge___924990___44184.jpg,,15,0,0,,,0,0,none,0,0,1,,Front Left,,,,,,,0,,0,,,0,,,14/08/2024,1,1,Door Hinge,,,,Accepted,500,,LEXUS,2011,IS350,https://www.rockauto.com/info/42/924-990-007__ra_m.jpg
16,"3.5L V6 Body & Lamp Assembly ['LEXUS', 'CT200H', '2011-2017', 'LEXUS', 'ES300H', '2013-2018', 'LEXUS', 'ES350', '2007-2018', 'LEXUS', 'GS F', '2016-2020', 'LEXUS', 'GS200T', '2016-2017', 'LEXUS', 'GS300', '2018-2019', 'LEXUS', 'GS350', '2013-2020', 'LEXUS', 'GS450H', '2013-2018', 'LEXUS', 'GX460', '2010-2020', 'LEXUS', 'HS250H', '2010-2012', 'LEXUS', 'IS F', '2008-2014', 'LEXUS', 'IS200T', '2016-2017', 'LEXUS', 'IS250', '2006-2015', 'LEXUS', 'IS300', '2016-2020', 'LEXUS', 'IS350', '2006-2020', 'LEXUS', 'LX570', '2008-2020', 'LEXUS', 'NX200T', '2015-2017', 'LEXUS', 'NX300', '2018-2020', 'LEXUS', 'NX300H', '2015-2018', 'LEXUS', 'RX350', '2010-2015', 'LEXUS', 'RX450H', '2010-2015', 'SCION', 'IM', '2016', 'SCION', 'IQ', '2012-2015', 'SCION', 'TC', '2005-2016', 'SCION', 'XB', '2008-2015', 'SCION', 'XD', '2008-2014', 'TOYOTA', '4RUNNER', '2010-2020', 'TOYOTA', 'AVALON', '2013-2020', 'TOYOTA', 'C-HR', '2018-2020', 'TOYOTA', 'CAMRY', '2007-2020', 'TOYOTA', 'CELICA', '1994-1999', 'TOYOTA', 'COROLLA', '1993-2020', 'TOYOTA', 'COROLLA IM', '2017-2018', 'TOYOTA', 'FJ CRUISER', '2007-2014', 'TOYOTA', 'HIGHLANDER', '2001-2020', 'TOYOTA', 'HILUX', '2004-2018', 'TOYOTA', 'LAND CRUISER', '2008-2020', 'TOYOTA', 'MATRIX', '2003-2014', 'TOYOTA', 'PRIUS', '2001-2020', 'TOYOTA', 'PRIUS C', '2012-2020', 'TOYOTA', 'PRIUS PLUG-IN', '2013-2015', 'TOYOTA', 'PRIUS PRIME', '2017-2020', 'TOYOTA', 'PRIUS V', '2012-2018', 'TOYOTA', 'RAV4', '2006-2020', 'TOYOTA', 'SEQUOIA', '2008-2020', 'TOYOTA', 'SIENNA', '2011-2020', 'TOYOTA', 'TACOMA', '2005-2020', 'TOYOTA', 'TUNDRA', '2007-2020', 'TOYOTA', 'VENZA', '2009-2016', 'TOYOTA', 'YARIS', '2006-2019']",924991,LEXUS,"[{""address"":""Acura Almulla, Car Dealer Rd, Kuwait"",""location"":""https://maps.app.goo.gl/J3oPuFs33svZGpK89""}]",images/LEXUS/LEXUS___IS350___3.5L_V6___Door_Hinge___924991___42460.jpg,,15,0,0,,,0,0,none,0,0,1,,Front Right,,,,,,,0,,0,,,0,,,14/08/2024,1,1,Door Hinge,,,,Accepted,500,,LEXUS,2011,IS350,https://www.rockauto.com/info/42/924-991-007__ra_m.jpg
16,"3.5L V6 Body & Lamp Assembly ['LEXUS', 'CT200H', '2011-2015', 'LEXUS', 'ES300H', '2013-2018', 'LEXUS', 'ES350', '2007-2018', 'LEXUS', 'GS F', '2018-2020', 'LEXUS', 'GS200T', '2016-2017', 'LEXUS', 'GS300', '2018-2019', 'LEXUS', 'GS350', '2013-2020', 'LEXUS', 'GS450H', '2014-2018', 'LEXUS', 'GX460', '2010-2023', 'LEXUS', 'HS250H', '2010-2012', 'LEXUS', 'IS F', '2008-2010', 'LEXUS', 'IS200T', '2017', 'LEXUS', 'IS250', '2006-2015', 'LEXUS', 'IS300', '2017-2024', 'LEXUS', 'IS350', '2006-2024', 'LEXUS', 'LX570', '2008-2019', 'LEXUS', 'NX200T', '2015-2016', 'LEXUS', 'NX300', '2018-2021', 'LEXUS', 'NX300H', '2015-2021', 'LEXUS', 'RX330', '2004-2006', 'LEXUS', 'RX350', '2007-2015', 'LEXUS', 'RX450H', '2010-2015', 'SCION', 'IQ', '2012-2015', 'SCION', 'TC', '2005-2015', 'SCION', 'XB', '2008-2015', 'SCION', 'XD', '2008-2013', 'TOYOTA', '4RUNNER', '2011-2024', 'TOYOTA', 'AVALON', '2000-2022', 'TOYOTA', 'C-HR', '2018-2021', 'TOYOTA', 'CAMRY', '2002-2024', 'TOYOTA', 'CELICA', '1994-1998', 'TOYOTA', 'COROLLA', '1993-2022', 'TOYOTA', 'COROLLA IM', '2017-2018', 'TOYOTA', 'FJ CRUISER', '2007-2014', 'TOYOTA', 'HIGHLANDER', '2001-2022', 'TOYOTA', 'HILUX', '2004-2022', 'TOYOTA', 'LAND CRUISER', '2008-2021', 'TOYOTA', 'MATRIX', '2003-2014', 'TOYOTA', 'PRIUS', '2002-2022', 'TOYOTA', 'PRIUS C', '2012-2021', 'TOYOTA', 'PRIUS PLUG-IN', '2013-2015', 'TOYOTA', 'PRIUS PRIME', '2017-2022', 'TOYOTA', 'PRIUS V', '2012-2018', 'TOYOTA', 'RAV4', '2006-2024', 'TOYOTA', 'SEQUOIA', '2009-2022', 'TOYOTA', 'SIENNA', '2011-2020', 'TOYOTA', 'SOLARA', '2004-2008', 'TOYOTA', 'TACOMA', '2005-2023', 'TOYOTA', 'TUNDRA', '2007-2021', 'TOYOTA', 'VENZA', '2009-2015', 'TOYOTA', 'YARIS', '2006-2019']",38470,LEXUS,"[{""address"":""Acura Almulla, Car Dealer Rd, Kuwait"",""location"":""https://maps.app.goo.gl/J3oPuFs33svZGpK89""}]",images/LEXUS/LEXUS___IS350___3.5L_V6___Door_Hinge_Pin___Bushing_Kit___38470___94150.jpg,,6,0,0,,,0,0,none,0,0,1,,Front,,,,,,,0,,0,,,0,,,14/08/2024,1,1,Door Hinge Pin & Bushing Kit,,,,Accepted,500,,LEXUS,2011,IS350,https://www.rockauto.com/info/42/38470-007__ra_m.jpg
16,"3.5L V6 Body & Lamp Assembly ['LEXUS', 'IS F', '2008-2014', 'LEXUS', 'IS250', '2006-2013', 'LEXUS', 'IS350', '2006-2013']",DLA843,LEXUS,"[{""address"":""Acura Almulla, Car Dealer Rd, Kuwait"",""location"":""https://maps.app.goo.gl/J3oPuFs33svZGpK89""}]",images/LEXUS/LEXUS___IS350___3.5L_V6___Door_Lock_Actuator___DLA843___11403.jpg,,108,0,0,,,0,0,Daily Driver ,0,0,1,,Front Left,,,,,,,0,,0,,,0,,,14/08/2024,1,1,Door Lock Actuator,,,,Accepted,500,,LEXUS,2011,IS350,https://www.rockauto.com/info/154/DLA843_Front__ra_m.jpg
16,"3.5L V6 Body & Lamp Assembly ['LEXUS', 'IS F', '2008-2014', 'LEXUS', 'IS250', '2006-2013', 'LEXUS', 'IS350', '2006-2013', 'TOYOTA', 'COROLLA', '2009-2014', 'TOYOTA', 'TUNDRA', '2013-2014']",DLA797,LEXUS,"[{""address"":""Acura Almulla, Car Dealer Rd, Kuwait"",""location"":""https://maps.app.goo.gl/J3oPuFs33svZGpK89""}]",images/LEXUS/LEXUS___IS350___3.5L_V6___Door_Lock_Actuator___DLA797___50144.jpg,,100,0,0,,,0,0,Daily Driver ,0,0,1,,Front Right,,,,,,,0,,0,,,0,,,14/08/2024,1,1,Door Lock Actuator,,,,Accepted,500,,LEXUS,2011,IS350,https://www.rockauto.com/info/154/DLA-797_Front__ra_m.jpg
16,"3.5L V6 Body & Lamp Assembly ['LEXUS', 'IS F', '2008-2014', 'LEXUS', 'IS250', '2006-2013', 'LEXUS', 'IS350', '2006-2013']",DLA842,LEXUS,"[{""address"":""Acura Almulla, Car Dealer Rd, Kuwait"",""location"":""https://maps.app.goo.gl/J3oPuFs33svZGpK89""}]",images/LEXUS/LEXUS___IS350___3.5L_V6___Door_Lock_Actuator___DLA842___94961.jpg,,78,0,0,,,0,0,Daily Driver ,0,0,1,,Rear Right,,,,,,,0,,0,,,0,,,14/08/2024,1,1,Door Lock Actuator,,,,Accepted,500,,LEXUS,2011,IS350,https://www.rockauto.com/info/154/DLA842_Front__ra_m.jpg
16,"3.5L V6 Body & Lamp Assembly ['LEXUS', 'IS F', '2008-2014', 'LEXUS', 'IS250', '2006-2013', 'LEXUS', 'IS350', '2006-2013']",DLA846,LEXUS,"[{""address"":""Acura Almulla, Car Dealer Rd, Kuwait"",""location"":""https://maps.app.goo.gl/J3oPuFs33svZGpK89""}]",images/LEXUS/LEXUS___IS350___3.5L_V6___Door_Lock_Actuator___DLA846___24052.jpg,,74,0,0,,,0,0,Daily Driver ,0,0,1,,Rear Left,,,,,,,0,,0,,,0,,,14/08/2024,1,1,Door Lock Actuator,,,,Accepted,500,,LEXUS,2011,IS350,https://www.rockauto.com/info/154/DLA846_Front__ra_m.jpg
16,"3.5L V6 Body & Lamp Assembly ['LEXUS', 'CT200H', '2011-2017', 'LEXUS', 'ES300H', '2013-2018', 'LEXUS', 'ES350', '2007-2018', 'LEXUS', 'GS F', '2016-2018', 'LEXUS', 'GS200T', '2016-2017', 'LEXUS', 'GS300', '2018', 'LEXUS', 'GS350', '2013-2018', 'LEXUS', 'GS450H', '2013-2018', 'LEXUS', 'GX460', '2010-2018', 'LEXUS', 'HS250H', '2010-2012', 'LEXUS', 'IS250', '2010-2015', 'LEXUS', 'IS350', '2010-2015', 'LEXUS', 'LS460', '2007-2012', 'LEXUS', 'LX570', '2008-2015', 'LEXUS', 'RX350', '2010-2015', 'LEXUS', 'RX450H', '2010-2015', 'SCION', 'IM', '2016', 'SCION', 'IQ', '2012-2015', 'SCION', 'TC', '2011-2016', 'SCION', 'XB', '2008-2015', 'SCION', 'XD', '2008-2012', 'TOYOTA', '4RUNNER', '2010-2018', 'TOYOTA', 'CAMRY', '2007-2017', 'TOYOTA', 'COROLLA', '2009-2013', 'TOYOTA', 'COROLLA IM', '2017-2018', 'TOYOTA', 'HIGHLANDER', '2008-2013', 'TOYOTA', 'LAND CRUISER', '2008-2018', 'TOYOTA', 'MATRIX', '2009-2014', 'TOYOTA', 'PRIUS C', '2012', 'TOYOTA', 'PRIUS V', '2012-2015', 'TOYOTA', 'RAV4', '2006-2018', 'TOYOTA', 'SEQUOIA', '2008-2018', 'TOYOTA', 'SIENNA', '2011-2015', 'TOYOTA', 'TUNDRA', '2007-2018', 'TOYOTA', 'VENZA', '2009-2015']",DLT008,LEXUS,"[{""address"":""Acura Almulla, Car Dealer Rd, Kuwait"",""location"":""https://maps.app.goo.gl/J3oPuFs33svZGpK89""}]",images/LEXUS/LEXUS___IS350___3.5L_V6___Door_Lock_Actuator___DLT008___56172.jpg,,79,0,0,,,0,0,Daily Driver ,0,0,1,,Right,,,,,,,0,,0,,,0,,,14/08/2024,1,1,Door Lock Actuator,,,,Accepted,500,,LEXUS,2011,IS350,https://www.rockauto.com/info/191/DLT008-1__ra_m.jpg
16,"3.5L V6 Body & Lamp Assembly ['LEXUS', 'CT200H', '2011-2017', 'LEXUS', 'ES300H', '2013-2018', 'LEXUS', 'ES350', '2007-2018', 'LEXUS', 'GS F', '2016-2018', 'LEXUS', 'GS200T', '2016-2017', 'LEXUS', 'GS300', '2018', 'LEXUS', 'GS350', '2013-2018', 'LEXUS', 'GS450H', '2013-2018', 'LEXUS', 'GX460', '2010-2018', 'LEXUS', 'HS250H', '2010-2012', 'LEXUS', 'IS250', '2010-2015', 'LEXUS', 'IS350', '2010-2015', 'LEXUS', 'LS460', '2007-2012', 'LEXUS', 'LX570', '2008-2015', 'LEXUS', 'RX350', '2010-2015', 'LEXUS', 'RX450H', '2010-2015', 'SCION', 'IM', '2016', 'SCION', 'IQ', '2012-2015', 'SCION', 'TC', '2011-2016', 'SCION', 'XB', '2008-2015', 'SCION', 'XD', '2008-2012', 'TOYOTA', '4RUNNER', '2010-2018', 'TOYOTA', 'CAMRY', '2007-2017', 'TOYOTA', 'COROLLA', '2009-2013', 'TOYOTA', 'COROLLA IM', '2017-2018', 'TOYOTA', 'HIGHLANDER', '2008-2013', 'TOYOTA', 'LAND CRUISER', '2008-2018', 'TOYOTA', 'MATRIX', '2009-2014', 'TOYOTA', 'PRIUS C', '2012', 'TOYOTA', 'PRIUS V', '2012-2015', 'TOYOTA', 'RAV4', '2006-2018', 'TOYOTA', 'SEQUOIA', '2008-2018', 'TOYOTA', 'SIENNA', '2011-2015', 'TOYOTA', 'TUNDRA', '2007-2018', 'TOYOTA', 'VENZA', '2009-2015']",DLT010,LEXUS,"[{""address"":""Acura Almulla, Car Dealer Rd, Kuwait"",""location"":""https://maps.app.goo.gl/J3oPuFs33svZGpK89""}]",images/LEXUS/LEXUS___IS350___3.5L_V6___Door_Lock_Actuator___DLT010___70979.jpg,,84,0,0,,,0,0,Daily Driver ,0,0,1,,Left,,,,,,,0,,0,,,0,,,14/08/2024,1,1,Door Lock Actuator,,,,Accepted,500,,LEXUS,2011,IS350,https://www.rockauto.com/info/191/DLT010-1__ra_m.jpg
16,"3.5L V6 Body & Lamp Assembly ['LEXUS', 'ES350', '2007-2012', 'LEXUS', 'IS250', '2010-2015', 'LEXUS', 'IS350', '2010-2015', 'LEXUS', 'LS460', '2007-2017', 'LEXUS', 'NX200T', '2015-2017', 'LEXUS', 'RC200T', '2016-2017', 'LEXUS', 'RC300', '2016-2018', 'LEXUS', 'RC350', '2015-2018']",LX1803109,LEXUS,"[{""address"":""Acura Almulla, Car Dealer Rd, Kuwait"",""location"":""https://maps.app.goo.gl/J3oPuFs33svZGpK89""}]",,,Out of Stock,0,0,,,0,0,none,0,0,1,,Rear,,,,,,,0,,0,,,0,,,14/08/2024,1,1,Emblem / Decal,,,,Accepted,500,,LEXUS,2011,IS350,
16,"3.5L V6 Body & Lamp Assembly ['LEXUS', 'IS250', '2011-2013', 'LEXUS', 'IS350', '2011-2013']",LX1240123,LEXUS,"[{""address"":""Acura Almulla, Car Dealer Rd, Kuwait"",""location"":""https://maps.app.goo.gl/J3oPuFs33svZGpK89""}]",images/LEXUS/LEXUS___IS350___3.5L_V6___Fender___LX1240123___23124.jpg,,118,0,0,,,0,0,none,0,0,1,,Front Left,,,,,,,0,,0,,,0,,,14/08/2024,1,1,Fender,,,,Accepted,500,,LEXUS,2011,IS350,https://www.rockauto.com/info/69/LX1240123__ra_m.jpg
16,"3.5L V6 Body & Lamp Assembly ['LEXUS', 'IS250', '2011-2013', 'LEXUS', 'IS350', '2011-2013']",LX1241123,LEXUS,"[{""address"":""Acura Almulla, Car Dealer Rd, Kuwait"",""location"":""https://maps.app.goo.gl/J3oPuFs33svZGpK89""}]",images/LEXUS/LEXUS___IS350___3.5L_V6___Fender___LX1241123___87997.jpg,,118,0,0,,,0,0,none,0,0,1,,Front Right,,,,,,,0,,0,,,0,,,14/08/2024,1,1,Fender,,,,Accepted,500,,LEXUS,2011,IS350,https://www.rockauto.com/info/69/LX1241123__ra_m.jpg
16,"3.5L V6 Body & Lamp Assembly ['LEXUS', 'CT200H', '2011-2013', 'LEXUS', 'IS250', '2011-2015', 'LEXUS', 'IS350', '2011-2015', 'TOYOTA', '4RUNNER', '2010-2013', 'TOYOTA', 'AVALON', '2011-2015', 'TOYOTA', 'PRIUS V', '2012-2014', 'TOYOTA', 'SIENNA', '2011-2020', 'TOYOTA', 'TACOMA', '2012-2020']",19597300,LEXUS,"[{""address"":""Acura Almulla, Car Dealer Rd, Kuwait"",""location"":""https://maps.app.goo.gl/J3oPuFs33svZGpK89""}]",images/LEXUS/LEXUS___IS350___3.5L_V6___Fog___Driving_Lamp_Assembly___19597300___46746.jpg,,36,0,0,,,0,0,none,0,0,1,,Right,,,,,,,0,,0,,,0,,,14/08/2024,1,1,Fog / Driving Lamp Assembly,,,,Accepted,500,,LEXUS,2011,IS350,https://www.rockauto.com/info/41/19-5973-00-1_1WM__ra_m.jpg
16,"3.5L V6 Body & Lamp Assembly ['LEXUS', 'CT200H', '2011-2013', 'LEXUS', 'IS250', '2011-2015', 'LEXUS', 'IS350', '2011-2015', 'TOYOTA', '4RUNNER', '2010-2013', 'TOYOTA', 'AVALON', '2011-2015', 'TOYOTA', 'PRIUS V', '2012-2014', 'TOYOTA', 'SIENNA', '2011-2020', 'TOYOTA', 'TACOMA', '2012-2020']",19597400,LEXUS,"[{""address"":""Acura Almulla, Car Dealer Rd, Kuwait"",""location"":""https://maps.app.goo.gl/J3oPuFs33svZGpK89""}]",images/LEXUS/LEXUS___IS350___3.5L_V6___Fog___Driving_Lamp_Assembly___19597400___80049.jpg,,37,0,0,,,0,0,none,0,0,1,,Left,,,,,,,0,,0,,,0,,,14/08/2024,1,1,Fog / Driving Lamp Assembly,,,,Accepted,500,,LEXUS,2011,IS350,https://www.rockauto.com/info/41/19-5974-00-1_1WM__ra_m.jpg
16,"3.5L V6 Body & Lamp Assembly ['LEXUS', 'IS250', '2011-2013', 'LEXUS', 'IS350', '2011-2013']",LX1038111,LEXUS,"[{""address"":""Acura Almulla, Car Dealer Rd, Kuwait"",""location"":""https://maps.app.goo.gl/J3oPuFs33svZGpK89""}]",images/LEXUS/LEXUS___IS350___3.5L_V6___Fog_Lamp_Bezel___LX1038111___25762.jpg,,8,0,0,,,0,0,none,0,0,1,,Front Left,,,,,,,0,,0,,,0,,,14/08/2024,1,1,Fog Lamp Bezel,,,,Accepted,500,,LEXUS,2011,IS350,https://www.rockauto.com/info/69/T2_LX1038111_Fro__ra_m.jpg
16,"3.5L V6 Body & Lamp Assembly ['LEXUS', 'IS250', '2011-2013', 'LEXUS', 'IS350', '2011-2013']",LX1039111,LEXUS,"[{""address"":""Acura Almulla, Car Dealer Rd, Kuwait"",""location"":""https://maps.app.goo.gl/J3oPuFs33svZGpK89""}]",images/LEXUS/LEXUS___IS350___3.5L_V6___Fog_Lamp_Bezel___LX1039111___542.jpg,,8,0,0,,,0,0,none,0,0,1,,Front Right,,,,,,,0,,0,,,0,,,14/08/2024,1,1,Fog Lamp Bezel,,,,Accepted,500,,LEXUS,2011,IS350,https://www.rockauto.com/info/69/T2_LX1039111_Fro__ra_m.jpg
16,"3.5L V6 Body & Lamp Assembly ['LEXUS', 'IS250', '2011-2015', 'LEXUS', 'IS350', '2011-2015']",LX2602104,LEXUS,"[{""address"":""Acura Almulla, Car Dealer Rd, Kuwait"",""location"":""https://maps.app.goo.gl/J3oPuFs33svZGpK89""}]",images/LEXUS/LEXUS___IS350___3.5L_V6___Fog_Lamp_Bracket___LX2602104___27149.jpg,,Out of Stock,0,0,,,0,0,none,0,0,1,,Left,,,,,,,0,,0,,,0,,,14/08/2024,1,1,Fog Lamp Bracket,,,,Accepted,500,,LEXUS,2011,IS350,https://www.rockauto.com/info/69/T2_LX2602104_Fro__ra_m.jpg
16,"3.5L V6 Body & Lamp Assembly ['LEXUS', 'IS250', '2011-2015', 'LEXUS', 'IS350', '2011-2015']",LX2603104,LEXUS,"[{""address"":""Acura Almulla, Car Dealer Rd, Kuwait"",""location"":""https://maps.app.goo.gl/J3oPuFs33svZGpK89""}]",images/LEXUS/LEXUS___IS350___3.5L_V6___Fog_Lamp_Bracket___LX2603104___61862.jpg,,Out of Stock,0,0,,,0,0,none,0,0,1,,Right,,,,,,,0,,0,,,0,,,14/08/2024,1,1,Fog Lamp Bracket,,,,Accepted,500,,LEXUS,2011,IS350,https://www.rockauto.com/info/69/T2_LX2603104_Fro__ra_m.jpg
16,"3.5L V6 Body & Lamp Assembly ['LEXUS', 'IS250', '2006-2015', 'LEXUS', 'IS350', '2006-2015']",LX1224104,LEXUS,"[{""address"":""Acura Almulla, Car Dealer Rd, Kuwait"",""location"":""https://maps.app.goo.gl/J3oPuFs33svZGpK89""}]",images/LEXUS/LEXUS___IS350___3.5L_V6___Front_Panel_Molding___Radiator_Cover___LX1224104___16811.jpg,,113,0,0,,,0,0,none,0,0,1,,Front,,,,,,,0,,0,,,0,,,14/08/2024,1,1,Front Panel Molding / Radiator Cover,,,,Accepted,500,,LEXUS,2011,IS350,https://www.rockauto.com/info/69/6255712__ra_m.jpg
16,"3.5L V6 Body & Lamp Assembly ['LEXUS', 'IS250', '2011-2013', 'LEXUS', 'IS350', '2011-2013']",LX1036118,LEXUS,"[{""address"":""Acura Almulla, Car Dealer Rd, Kuwait"",""location"":""https://maps.app.goo.gl/J3oPuFs33svZGpK89""}]",images/LEXUS/LEXUS___IS350___3.5L_V6___Grille___LX1036118___69967.jpg,,28,0,0,,,0,0,none,0,0,1,,Front,,,,,,,0,,0,,,0,,,14/08/2024,1,1,Grille,,,,Accepted,500,,LEXUS,2011,IS350,https://www.rockauto.com/info/69/6255318__ra_m.jpg
16,"3.5L V6 Body & Lamp Assembly ['LEXUS', 'IS250', '2011-2013', 'LEXUS', 'IS350', '2011-2013']",LX1200148,LEXUS,"[{""address"":""Acura Almulla, Car Dealer Rd, Kuwait"",""location"":""https://maps.app.goo.gl/J3oPuFs33svZGpK89""}]",images/LEXUS/LEXUS___IS350___3.5L_V6___Grille___LX1200148___21547.jpg,,94,0,0,,,0,0,none,0,0,1,,,,,,,,,0,,0,,,0,,,14/08/2024,1,1,Grille,,,,Accepted,500,,LEXUS,2011,IS350,https://www.rockauto.com/info/69/T2_LX1200148_Fro__ra_m.jpg
16,"3.5L V6 Body & Lamp Assembly ['LEXUS', 'IS350', '2011']",3241109LMUSHM2,LEXUS,"[{""address"":""Acura Almulla, Car Dealer Rd, Kuwait"",""location"":""https://maps.app.goo.gl/J3oPuFs33svZGpK89""}]",images/LEXUS/LEXUS___IS350___3.5L_V6___Headlamp_Assembly___3241109LMUSHM2___76907.jpg,,395,0,0,,,0,0,none,0,0,1,,Left,,,,,,,0,,0,,,0,,,14/08/2024,1,1,Headlamp Assembly,,,,Accepted,500,,LEXUS,2011,IS350,https://www.rockauto.com/info/831/324-1109LMUSHM2__ra_m.jpg
16,"3.5L V6 Body & Lamp Assembly ['LEXUS', 'IS350', '2011']",3241109RMUSHM2,LEXUS,"[{""address"":""Acura Almulla, Car Dealer Rd, Kuwait"",""location"":""https://maps.app.goo.gl/J3oPuFs33svZGpK89""}]",images/LEXUS/LEXUS___IS350___3.5L_V6___Headlamp_Assembly___3241109RMUSHM2___78383.jpg,,395,0,0,,,0,0,none,0,0,1,,Right,,,,,,,0,,0,,,0,,,14/08/2024,1,1,Headlamp Assembly,,,,Accepted,500,,LEXUS,2011,IS350,https://www.rockauto.com/info/831/324-1109RMUSHM2__ra_m.jpg
16,"3.5L V6 Body & Lamp Assembly ['LEXUS', 'GS350', '2009-2011', 'LEXUS', 'GS450H', '2009-2011', 'LEXUS', 'GS460', '2010-2011', 'LEXUS', 'IS250', '2010-2013', 'LEXUS', 'IS350', '2010-2013']",LSH126,LEXUS,"[{""address"":""Acura Almulla, Car Dealer Rd, Kuwait"",""location"":""https://maps.app.goo.gl/J3oPuFs33svZGpK89""}]",images/LEXUS/LEXUS___IS350___3.5L_V6___Headlamp_Level_Sensor___LSH126___82180.jpg,,149,0,0,,,0,0,none,0,0,1,,Front,,,,,,,0,,0,,,0,,,14/08/2024,1,1,Headlamp Level Sensor,,,,Accepted,500,,LEXUS,2011,IS350,https://www.rockauto.com/info/154/LSH126_Front__ra_m.jpg
16,"3.5L V6 Body & Lamp Assembly ['LEXUS', 'GS300', '2006', 'LEXUS', 'GS350', '2007-2011', 'LEXUS', 'GS430', '2006-2007', 'LEXUS', 'GS450H', '2007-2011', 'LEXUS', 'GS460', '2008-2011', 'LEXUS', 'IS F', '2008-2014', 'LEXUS', 'IS250', '2006-2013', 'LEXUS', 'IS350', '2006-2014']",LSH136,LEXUS,"[{""address"":""Acura Almulla, Car Dealer Rd, Kuwait"",""location"":""https://maps.app.goo.gl/J3oPuFs33svZGpK89""}]",images/LEXUS/LEXUS___IS350___3.5L_V6___Headlamp_Level_Sensor___LSH136___41227.jpg,,170,0,0,,,0,0,none,0,0,1,,Rear Left,,,,,,,0,,0,,,0,,,14/08/2024,1,1,Headlamp Level Sensor,,,,Accepted,500,,LEXUS,2011,IS350,https://www.rockauto.com/info/154/LSH136_Front__ra_m.jpg
16,"3.5L V6 Body & Lamp Assembly ['LEXUS', 'GS300', '2006', 'LEXUS', 'GS350', '2007-2011', 'LEXUS', 'GS430', '2006-2007', 'LEXUS', 'GS450H', '2007-2011', 'LEXUS', 'GS460', '2008-2011', 'LEXUS', 'IS250', '2008-2015', 'LEXUS', 'IS350', '2008-2015']",926222,LEXUS,"[{""address"":""Acura Almulla, Car Dealer Rd, Kuwait"",""location"":""https://maps.app.goo.gl/J3oPuFs33svZGpK89""}]",images/LEXUS/LEXUS___IS350___3.5L_V6___Headlamp_Level_Sensor___926222___33946.jpg,,Out of Stock,0,0,,,0,0,none,0,0,1,,Front Left,,,,,,,0,,0,,,0,,,14/08/2024,1,1,Headlamp Level Sensor,,,,Accepted,500,,LEXUS,2011,IS350,https://www.rockauto.com/info/42/926-222-001__ra_m.jpg
16,"3.5L V6 Body & Lamp Assembly ['LEXUS', 'IS250', '2010-2015', 'LEXUS', 'IS350', '2010-2015']",A70080159,LEXUS,"[{""address"":""Acura Almulla, Car Dealer Rd, Kuwait"",""location"":""https://maps.app.goo.gl/J3oPuFs33svZGpK89""}]",,,Out of Stock,0,0,,,0,0,none,0,0,1,,,,,,,,,0,,0,,,0,,,14/08/2024,1,1,Headlamp Washer Nozzle,,,,Accepted,500,,LEXUS,2011,IS350,
16,"3.5L V6 Body & Lamp Assembly ['LEXUS', 'IS250', '2006-2015', 'LEXUS', 'IS350', '2006-2015']",LX1230110,LEXUS,"[{""address"":""Acura Almulla, Car Dealer Rd, Kuwait"",""location"":""https://maps.app.goo.gl/J3oPuFs33svZGpK89""}]",images/LEXUS/LEXUS___IS350___3.5L_V6___Hood___LX1230110___17003.jpg,,243,0,0,,,0,0,none,0,0,1,,,,,,,,,0,,0,,,0,,,14/08/2024,1,1,Hood,,,,Accepted,500,,LEXUS,2011,IS350,https://www.rockauto.com/info/69/T2_LX1230110C_Fro__ra_m.jpg
16,"3.5L V6 Body & Lamp Assembly ['LEXUS', 'IS250', '2006-2015', 'LEXUS', 'IS350', '2006-2015']",LX1236126,LEXUS,"[{""address"":""Acura Almulla, Car Dealer Rd, Kuwait"",""location"":""https://maps.app.goo.gl/J3oPuFs33svZGpK89""}]",images/LEXUS/LEXUS___IS350___3.5L_V6___Hood_Hinge___LX1236126___51876.jpg,,14,0,0,,,0,0,none,0,0,1,,Left,,,,,,,0,,0,,,0,,,14/08/2024,1,1,Hood Hinge,,,,Accepted,500,,LEXUS,2011,IS350,https://www.rockauto.com/info/69/T2_LX1236126_Fro__ra_m.jpg
16,"3.5L V6 Body & Lamp Assembly ['LEXUS', 'IS250', '2006-2015', 'LEXUS', 'IS350', '2006-2015']",LX1236127,LEXUS,"[{""address"":""Acura Almulla, Car Dealer Rd, Kuwait"",""location"":""https://maps.app.goo.gl/J3oPuFs33svZGpK89""}]",images/LEXUS/LEXUS___IS350___3.5L_V6___Hood_Hinge___LX1236127___622.jpg,,14,0,0,,,0,0,none,0,0,1,,Right,,,,,,,0,,0,,,0,,,14/08/2024,1,1,Hood Hinge,,,,Accepted,500,,LEXUS,2011,IS350,https://www.rockauto.com/info/69/T2_LX1236127_Fro__ra_m.jpg
16,"3.5L V6 Body & Lamp Assembly ['LEXUS', 'CT200H', '2011-2017', 'LEXUS', 'ES300H', '2013-2019', 'LEXUS', 'ES350', '2007-2019', 'LEXUS', 'GS F', '2016-2018', 'LEXUS', 'GS200T', '2016-2017', 'LEXUS', 'GS300', '2018', 'LEXUS', 'GS350', '2013-2018', 'LEXUS', 'GS450H', '2013-2018', 'LEXUS', 'GX460', '2010-2018', 'LEXUS', 'GX470', '2003-2009', 'LEXUS', 'HS250H', '2010-2012', 'LEXUS', 'IS200T', '2016-2017', 'LEXUS', 'IS250', '2010-2015', 'LEXUS', 'IS300', '2016-2018', 'LEXUS', 'IS350', '2010-2018', 'LEXUS', 'LC500', '2018', 'LEXUS', 'LC500H', '2018', 'LEXUS', 'LS430', '2002-2006', 'LEXUS', 'LS460', '2007-2017', 'LEXUS', 'LS500', '2018', 'LEXUS', 'LS500H', '2018', 'LEXUS', 'LS600H', '2008-2016', 'LEXUS', 'LX470', '2006-2007', 'LEXUS', 'LX570', '2008-2018', 'LEXUS', 'NX200T', '2015-2017', 'LEXUS', 'NX300', '2018', 'LEXUS', 'NX300H', '2015-2018', 'LEXUS', 'RC F', '2015-2018', 'LEXUS', 'RC200T', '2016-2017', 'LEXUS', 'RC300', '2016-2018', 'LEXUS', 'RC350', '2015-2018', 'LEXUS', 'RX300', '2002-2003', 'LEXUS', 'RX330', '2004-2006', 'LEXUS', 'RX350', '2007-2018', 'LEXUS', 'RX400H', '2006-2008', 'LEXUS', 'RX450H', '2010-2018', 'SCION', 'IM', '2016', 'SCION', 'IQ', '2012-2015', 'SCION', 'TC', '2011-2016', 'SCION', 'XB', '2004-2015', 'SCION', 'XD', '2008-2014', 'TOYOTA', '4RUNNER', '2003-2018', 'TOYOTA', 'AVALON', '2005-2019', 'TOYOTA', 'C-HR', '2018', 'TOYOTA', 'CAMRY', '2002-2018', 'TOYOTA', 'COROLLA', '1984-2013', 'TOYOTA', 'HIGHLANDER', '2002-2018', 'TOYOTA', 'LAND CRUISER', '2006-2018', 'TOYOTA', 'MATRIX', '2003-2014', 'TOYOTA', 'MIRAI', '2016-2018', 'TOYOTA', 'PRIUS', '2006-2018', 'TOYOTA', 'PRIUS C', '2012-2018', 'TOYOTA', 'PRIUS PLUG-IN', '2013-2015', 'TOYOTA', 'PRIUS PRIME', '2017-2018', 'TOYOTA', 'PRIUS V', '2012-2018', 'TOYOTA', 'RAV4', '2006-2018', 'TOYOTA', 'SOLARA', '2004-2008', 'TOYOTA', 'TACOMA', '2000', 'TOYOTA', 'TUNDRA', '2014-2018', 'TOYOTA', 'VENZA', '2009-2016', 'TOYOTA', 'YARIS', '2007-2018']",963088,LEXUS,"[{""address"":""Acura Almulla, Car Dealer Rd, Kuwait"",""location"":""https://maps.app.goo.gl/J3oPuFs33svZGpK89""}]",images/LEXUS/LEXUS___IS350___3.5L_V6___Hood_Insulator_Retainer___Clip___963088___42963.jpg,,1,0,0,,,0,0,none,0,0,1,,,,,,,,,0,,0,,,0,,,14/08/2024,1,1,Hood Insulator Retainer / Clip,,,,Accepted,500,,LEXUS,2011,IS350,https://www.rockauto.com/info/42/963-088D-007__ra_m.jpg
16,"3.5L V6 Body & Lamp Assembly ['LEXUS', 'IS250', '2006-2015', 'LEXUS', 'IS350', '2006-2015']",SK234106,LEXUS,"[{""address"":""Acura Almulla, Car Dealer Rd, Kuwait"",""location"":""https://maps.app.goo.gl/J3oPuFs33svZGpK89""}]",images/LEXUS/LEXUS___IS350___3.5L_V6___Hood_Latch___SK234106___28132.jpg,,16,0,0,,,0,0,none,0,0,1,,,,,,,,,0,,0,,,0,,,14/08/2024,1,1,Hood Latch,,,,Accepted,500,,LEXUS,2011,IS350,https://www.rockauto.com/info/983/SK2341061__ra_m.jpg
16,"3.5L V6 Body & Lamp Assembly ['LEXUS', 'IS250', '2010-2015', 'LEXUS', 'IS350', '2010-2015']",LX1249109,LEXUS,"[{""address"":""Acura Almulla, Car Dealer Rd, Kuwait"",""location"":""https://maps.app.goo.gl/J3oPuFs33svZGpK89""}]",images/LEXUS/LEXUS___IS350___3.5L_V6___Inner_Fender___LX1249109___72925.jpg,,17,0,0,,,0,0,none,0,0,1,,Right,,,,,,,0,,0,,,0,,,14/08/2024,1,1,Inner Fender,,,,Accepted,500,,LEXUS,2011,IS350,https://www.rockauto.com/info/69/T2_LX1249109_Fro__ra_m.jpg
16,"3.5L V6 Body & Lamp Assembly ['LEXUS', 'IS250', '2011-2013', 'LEXUS', 'IS350', '2011-2013']",LX1248116,LEXUS,"[{""address"":""Acura Almulla, Car Dealer Rd, Kuwait"",""location"":""https://maps.app.goo.gl/J3oPuFs33svZGpK89""}]",images/LEXUS/LEXUS___IS350___3.5L_V6___Inner_Fender___LX1248116___45769.jpg,,47,0,0,,,0,0,none,0,0,1,,Left,,,,,,,0,,0,,,0,,,14/08/2024,1,1,Inner Fender,,,,Accepted,500,,LEXUS,2011,IS350,https://www.rockauto.com/info/69/T2_LX1248116C_Fro__ra_m.jpg
16,"3.5L V6 Body & Lamp Assembly ['LEXUS', 'IS250', '2011-2015', 'LEXUS', 'IS350', '2011-2015']",LX1068116,LEXUS,"[{""address"":""Acura Almulla, Car Dealer Rd, Kuwait"",""location"":""https://maps.app.goo.gl/J3oPuFs33svZGpK89""}]",images/LEXUS/LEXUS___IS350___3.5L_V6___License_Plate_Bracket___LX1068116___80668.jpg,,8,0,0,,,0,0,none,0,0,1,,Front,,,,,,,0,,0,,,0,,,14/08/2024,1,1,License Plate Bracket,,,,Accepted,500,,LEXUS,2011,IS350,https://www.rockauto.com/info/69/T2_LX1068116_Fro__ra_m.jpg
16,"3.5L V6 Body & Lamp Assembly ['LEXUS', 'IS250', '2010-2015', 'LEXUS', 'IS350', '2010-2015']",4B081295,LEXUS,"[{""address"":""Acura Almulla, Car Dealer Rd, Kuwait"",""location"":""https://maps.app.goo.gl/J3oPuFs33svZGpK89""}]",images/LEXUS/LEXUS___IS350___3.5L_V6___Lift_Support___4B081295___24013.jpg,,11,0,0,,,0,0,none,0,0,1,,,,,,,,,0,,0,,,0,,,14/08/2024,1,1,Lift Support,,,,Accepted,500,,LEXUS,2011,IS350,https://www.rockauto.com/info/1125/Pic162__ra_m.jpg
16,"3.5L V6 Body & Lamp Assembly ['LEXUS', 'IS F', '2008-2013', 'LEXUS', 'IS250', '2006-2013', 'LEXUS', 'IS350', '2006-2013']",PCK262306,LEXUS,"[{""address"":""Acura Almulla, Car Dealer Rd, Kuwait"",""location"":""https://maps.app.goo.gl/J3oPuFs33svZGpK89""}]",images/LEXUS/LEXUS___IS350___3.5L_V6___Molding_Retainer___Clip___PCK262306___26105.jpg,,3,0,0,,,0,0,none,0,0,1,,,,,,,,,0,,0,,,0,,,14/08/2024,1,1,Molding Retainer / Clip,,,,Accepted,500,,LEXUS,2011,IS350,https://www.rockauto.com/info/1143/PCK-2623-06-1__ra_m.jpg
16,"3.5L V6 Body & Lamp Assembly ['LEXUS', 'IS250', '2010-2015', 'LEXUS', 'IS350', '2010-2015']",LX1320114,LEXUS,"[{""address"":""Acura Almulla, Car Dealer Rd, Kuwait"",""location"":""https://maps.app.goo.gl/J3oPuFs33svZGpK89""}]",images/LEXUS/LEXUS___IS350___3.5L_V6___Outside_Mirror___Glass_Assembly___LX1320114___72308.jpg,,72,0,0,,,0,0,none,0,0,1,,Left,,,,,,,0,,0,,,0,,,14/08/2024,1,1,Outside Mirror & Glass Assembly,,,,Accepted,500,,LEXUS,2011,IS350,https://www.rockauto.com/info/69/625563A__ra_m.jpg
16,"3.5L V6 Body & Lamp Assembly ['LEXUS', 'IS250', '2010-2015', 'LEXUS', 'IS350', '2010-2015']",LX1321114,LEXUS,"[{""address"":""Acura Almulla, Car Dealer Rd, Kuwait"",""location"":""https://maps.app.goo.gl/J3oPuFs33svZGpK89""}]",images/LEXUS/LEXUS___IS350___3.5L_V6___Outside_Mirror___Glass_Assembly___LX1321114___91688.jpg,,72,0,0,,,0,0,none,0,0,1,,Right,,,,,,,0,,0,,,0,,,14/08/2024,1,1,Outside Mirror & Glass Assembly,,,,Accepted,500,,LEXUS,2011,IS350,https://www.rockauto.com/info/69/6255639__ra_m.jpg
16,"3.5L V6 Body & Lamp Assembly ['LEXUS', 'HS250H', '2010-2012', 'LEXUS', 'IS F', '2009-2013', 'LEXUS', 'IS250', '2010-2015', 'LEXUS', 'IS350', '2010-2015']",4393H,LEXUS,"[{""address"":""Acura Almulla, Car Dealer Rd, Kuwait"",""location"":""https://maps.app.goo.gl/J3oPuFs33svZGpK89""}]",images/LEXUS/LEXUS___IS350___3.5L_V6___Outside_Mirror_Glass___4393H___10340.jpg,,23,0,0,,,0,0,none,0,0,1,,Left,,,,,,,0,,0,,,0,,,14/08/2024,1,1,Outside Mirror Glass,,,,Accepted,500,,LEXUS,2011,IS350,https://www.rockauto.com/info/1123/4393H__ra_m.jpg
16,"3.5L V6 Body & Lamp Assembly ['LEXUS', 'HS250H', '2010-2012', 'LEXUS', 'IS F', '2009-2013', 'LEXUS', 'IS250', '2010-2015', 'LEXUS', 'IS350', '2010-2015']",5457H,LEXUS,"[{""address"":""Acura Almulla, Car Dealer Rd, Kuwait"",""location"":""https://maps.app.goo.gl/J3oPuFs33svZGpK89""}]",images/LEXUS/LEXUS___IS350___3.5L_V6___Outside_Mirror_Glass___5457H___59414.jpg,,25,0,0,,,0,0,none,0,0,1,,Right,,,,,,,0,,0,,,0,,,14/08/2024,1,1,Outside Mirror Glass,,,,Accepted,500,,LEXUS,2011,IS350,https://www.rockauto.com/info/1123/5457H__ra_m.jpg
16,"3.5L V6 Body & Lamp Assembly ['LEXUS', 'IS250', '2010-2015', 'LEXUS', 'IS350', '2010-2015']",PAC455,LEXUS,"[{""address"":""Acura Almulla, Car Dealer Rd, Kuwait"",""location"":""https://maps.app.goo.gl/J3oPuFs33svZGpK89""}]",images/LEXUS/LEXUS___IS350___3.5L_V6___Park_Assist__PAS__Camera___PAC455___58914.jpg,,325,0,0,,,0,0,none,0,0,1,,Rear,,,,,,,0,,0,,,0,,,14/08/2024,1,1,Park Assist (PAS) Camera,,,,Accepted,500,,LEXUS,2011,IS350,https://www.rockauto.com/info/154/PAC455_Angle__ra_m.jpg
16,"3.5L V6 Body & Lamp Assembly ['LEXUS', 'IS250', '2006-2013', 'LEXUS', 'IS350', '2006-2013']",LX1225115,LEXUS,"[{""address"":""Acura Almulla, Car Dealer Rd, Kuwait"",""location"":""https://maps.app.goo.gl/J3oPuFs33svZGpK89""}]",images/LEXUS/LEXUS___IS350___3.5L_V6___Radiator_Support___LX1225115___23015.jpg,,83,0,0,,,0,0,none,0,0,1,,,,,,,,,0,,0,,,0,,,14/08/2024,1,1,Radiator Support,,,,Accepted,500,,LEXUS,2011,IS350,https://www.rockauto.com/info/69/6255711__ra_m.jpg
16,"3.5L V6 Body & Lamp Assembly ['LEXUS', 'IS250', '2006-2013', 'LEXUS', 'IS350', '2006-2013']",LX1184100,LEXUS,"[{""address"":""Acura Almulla, Car Dealer Rd, Kuwait"",""location"":""https://maps.app.goo.gl/J3oPuFs33svZGpK89""}]",images/LEXUS/LEXUS___IS350___3.5L_V6___Reflector___LX1184100___21392.jpg,,25,0,0,,,0,0,none,0,0,1,,Rear Left,,,,,,,0,,0,,,0,,,14/08/2024,1,1,Reflector,,,,Accepted,500,,LEXUS,2011,IS350,https://www.rockauto.com/info/69/LX1184100__ra_m.jpg
16,"3.5L V6 Body & Lamp Assembly ['LEXUS', 'IS250', '2006-2013', 'LEXUS', 'IS350', '2006-2013']",LX1185100,LEXUS,"[{""address"":""Acura Almulla, Car Dealer Rd, Kuwait"",""location"":""https://maps.app.goo.gl/J3oPuFs33svZGpK89""}]",images/LEXUS/LEXUS___IS350___3.5L_V6___Reflector___LX1185100___32502.jpg,,25,0,0,,,0,0,none,0,0,1,,Rear Right,,,,,,,0,,0,,,0,,,14/08/2024,1,1,Reflector,,,,Accepted,500,,LEXUS,2011,IS350,https://www.rockauto.com/info/69/LX1185100__ra_m.jpg
16,"3.5L V6 Body & Lamp Assembly ['LEXUS', 'IS F', '2008-2014', 'LEXUS', 'IS250', '2006-2015', 'LEXUS', 'IS350', '2006-2017']",SK700077,LEXUS,"[{""address"":""Acura Almulla, Car Dealer Rd, Kuwait"",""location"":""https://maps.app.goo.gl/J3oPuFs33svZGpK89""}]",images/LEXUS/LEXUS___IS350___3.5L_V6___Splash_Shield_Retainer___Clip___SK700077___95163.jpg,,3,0,0,,,0,0,none,0,0,1,,,,,,,,,0,,0,,,0,,,14/08/2024,1,1,Splash Shield Retainer / Clip,,,,Accepted,500,,LEXUS,2011,IS350,https://www.rockauto.com/info/983/983_SK700077_putaway_1__ra_m.jpg
16,"3.5L V6 Body & Lamp Assembly ['LEXUS', 'IS250', '2011-2013', 'LEXUS', 'IS350', '2011-2013']",3241905RUSNPR,LEXUS,"[{""address"":""Acura Almulla, Car Dealer Rd, Kuwait"",""location"":""https://maps.app.goo.gl/J3oPuFs33svZGpK89""}]",images/LEXUS/LEXUS___IS350___3.5L_V6___Tail_Lamp_Assembly___3241905RUSNPR___92601.jpg,,80,0,0,,,0,0,none,0,0,1,,Right,,,,,,,0,,0,,,0,,,14/08/2024,1,1,Tail Lamp Assembly,,,,Accepted,500,,LEXUS,2011,IS350,https://www.rockauto.com/info/831/324-1905R-USNPR__ra_m.jpg
16,"3.5L V6 Body & Lamp Assembly ['LEXUS', 'IS250', '2011-2013', 'LEXUS', 'IS350', '2011-2013']",3241905LUSNPR,LEXUS,"[{""address"":""Acura Almulla, Car Dealer Rd, Kuwait"",""location"":""https://maps.app.goo.gl/J3oPuFs33svZGpK89""}]",images/LEXUS/LEXUS___IS350___3.5L_V6___Tail_Lamp_Assembly___3241905LUSNPR___52063.jpg,,84,0,0,,,0,0,none,0,0,1,,Left,,,,,,,0,,0,,,0,,,14/08/2024,1,1,Tail Lamp Assembly,,,,Accepted,500,,LEXUS,2011,IS350,https://www.rockauto.com/info/831/324-1905L-USNPR__ra_m.jpg
16,"3.5L V6 Body & Lamp Assembly ['LEXUS', 'IS250', '2006-2013', 'LEXUS', 'IS350', '2006-2013']",113721,LEXUS,"[{""address"":""Acura Almulla, Car Dealer Rd, Kuwait"",""location"":""https://maps.app.goo.gl/J3oPuFs33svZGpK89""}]",images/LEXUS/LEXUS___IS350___3.5L_V6___Trailer_Hitch___113721___43628.jpg,,131,0,0,,,0,0,none,0,0,1,,Rear,,,,,,,0,,0,,,0,,,14/08/2024,1,1,Trailer Hitch,,,,Accepted,500,,LEXUS,2011,IS350,https://www.rockauto.com/info/228/113721_a__ra_m.jpg
16,"3.5L V6 Body & Lamp Assembly ['ACURA', '1991-2018', 'AUDI', '1980-2020', 'BMW', '1978-2020', 'BUICK', '1971-2020', 'CADILLAC', '1993-2020', 'CHEVROLET', '1975-2020', 'CHRYSLER', '1986-2019', 'DAEWOO', '2000', 'DAIHATSU', '1992', 'DODGE', '1985-2019', 'EAGLE', '1990-1996', 'FIAT', '2012-2014', 'FORD', '1980-2020', 'GENESIS', '2019', 'GEO', '1990-1995', 'GMC', '1984-2014', 'HONDA', '1985-2019', 'HYUNDAI', '1989-2019', 'INFINITI', '1990-2019', 'ISUZU', '1988-1999', 'JAGUAR', '1977-2008', 'JEEP', '1987-2019', 'KIA', '1996-2020', 'LEXUS', '1990-2020', 'LINCOLN', '1981-2019', 'MAZDA', '1984-2017', 'MERCEDES-BENZ', '1974-2018', 'MERCURY', '1981-2011', 'MINI', '2007-2019', 'MITSUBISHI', '1986-2020', 'NISSAN', '1980-2020', 'OLDSMOBILE', '1978-2003', 'PEUGEOT', '1983-1987', 'PLYMOUTH', '1984-2000', 'PONTIAC', '1978-2010', 'PORSCHE', '1979-1998', 'RAM', '2015', 'SAAB', '1981-2010', 'SATURN', '1993-2010', 'SCION', '2006-2013', 'SMART', '2014-2015', 'SUBARU', '1985-2019', 'SUZUKI', '1986-2013', 'TESLA', '2019', 'TOYOTA', '1979-2019', 'VOLKSWAGEN', '1973-2019', 'VOLVO', '1975-2016']",45148,LEXUS,"[{""address"":""Acura Almulla, Car Dealer Rd, Kuwait"",""location"":""https://maps.app.goo.gl/J3oPuFs33svZGpK89""}]",images/LEXUS/LEXUS___IS350___3.5L_V6___Trailer_Hitch_Ball___Mount_Kit___45148___29187.jpg,,21,0,0,,,0,0,none,0,0,1,,,,,,,,,0,,0,,,0,,,14/08/2024,1,1,Trailer Hitch Ball & Mount Kit,,,,Accepted,500,,LEXUS,2011,IS350,https://www.rockauto.com/info/228/45148_3008x1990_a__ra_m.jpg
16,"3.5L V6 Body & Lamp Assembly ['CHEVROLET', 'METRO', '1992-2001', 'CHEVROLET', 'PRIZM', '1998-2002', 'CHEVROLET', 'SPRINT', '1985-1991', 'CHEVROLET', 'TRACKER', '1989-2004', 'GEO', 'METRO', '1989-1997', 'GEO', 'PRIZM', '1993-1997', 'GEO', 'TRACKER', '1989-1997', 'GMC', 'TRACKER', '1989-1991', 'LEXUS', 'CT200H', '2011-2017', 'LEXUS', 'ES300H', '2013-2017', 'LEXUS', 'ES350', '2007-2017', 'LEXUS', 'GS F', '2016-2017', 'LEXUS', 'GS200T', '2016', 'LEXUS', 'GS300', '2005-2006', 'LEXUS', 'GS350', '2007-2017', 'LEXUS', 'GS430', '2005-2007', 'LEXUS', 'GS450H', '2007-2017', 'LEXUS', 'GS460', '2008-2011', 'LEXUS', 'GX460', '2010-2021', 'LEXUS', 'GX470', '2003-2009', 'LEXUS', 'HS250H', '2010-2012', 'LEXUS', 'IS F', '2008-2014', 'LEXUS', 'IS200T', '2016-2017', 'LEXUS', 'IS250', '2006-2013', 'LEXUS', 'IS300', '2016-2020', 'LEXUS', 'IS350', '2006-2013', 'LEXUS', 'LS430', '2001-2006', 'LEXUS', 'LS460', '2007-2017', 'LEXUS', 'LS600H', '2008-2016', 'LEXUS', 'LX450', '1996-1997', 'LEXUS', 'LX470', '1998-2007', 'LEXUS', 'LX570', '2008-2021', 'LEXUS', 'NX200T', '2015-2017', 'LEXUS', 'NX300H', '2015-2017', 'LEXUS', 'RX300', '1999-2003', 'LEXUS', 'RX350', '2010-2015', 'LEXUS', 'RX450H', '2010-2015', 'PONTIAC', 'VIBE', '2003-2008', 'SCION', 'IQ', '2012-2015', 'SCION', 'XB', '2004-2015', 'SCION', 'XD', '2008-2014', 'TOYOTA', '4RUNNER', '2003-2022', 'TOYOTA', 'AVANZA', '2007-2016', 'TOYOTA', 'CAMRY', '1997-2011', 'TOYOTA', 'CELICA', '2000-2005', 'TOYOTA', 'COROLLA', '2003-2013', 'TOYOTA', 'ECHO', '2000-2005', 'TOYOTA', 'FJ CRUISER', '2007-2014', 'TOYOTA', 'HIACE', '2006-2014', 'TOYOTA', 'HIGHLANDER', '2001-2014', 'TOYOTA', 'LAND CRUISER', '1995-2021', 'TOYOTA', 'MATRIX', '2003-2008', 'TOYOTA', 'MIRAI', '2016-2020', 'TOYOTA', 'MR2 SPYDER', '2000-2006', 'TOYOTA', 'PRIUS', '2001-2017', 'TOYOTA', 'PRIUS C', '2012-2017', 'TOYOTA', 'PRIUS PLUG-IN', '2013-2015', 'TOYOTA', 'PRIUS V', '2012-2017', 'TOYOTA', 'RAV4', '1996-2018', 'TOYOTA', 'SEQUOIA', '2001-2017', 'TOYOTA', 'SIENNA', '1998-2010', 'TOYOTA', 'TACOMA', '2001-2016', 'TOYOTA', 'YARIS', '2012-2015']",963529,LEXUS,"[{""address"":""Acura Almulla, Car Dealer Rd, Kuwait"",""location"":""https://maps.app.goo.gl/J3oPuFs33svZGpK89""}]",images/LEXUS/LEXUS___IS350___3.5L_V6___Trim_Retainer___Clip___963529___98151.jpg,,1,0,0,,,0,0,none,0,0,1,,,,,,,,,0,,0,,,0,,,14/08/2024,1,1,Trim Retainer / Clip,,,,Accepted,500,,LEXUS,2011,IS350,https://www.rockauto.com/info/42/700-318-B-007__ra_m.jpg
16,"3.5L V6 Body & Lamp Assembly ['LEXUS', 'IS F', '2008-2014', 'LEXUS', 'IS250', '2008-2014', 'LEXUS', 'IS350', '2009-2014']",SM1550,LEXUS,"[{""address"":""Acura Almulla, Car Dealer Rd, Kuwait"",""location"":""https://maps.app.goo.gl/J3oPuFs33svZGpK89""}]",images/LEXUS/LEXUS___IS350___3.5L_V6___Trunk_Lock_Actuator___SM1550___4416.jpg,,102,0,0,,,0,0,none,0,0,1,,,,,,,,,0,,0,,,0,,,14/08/2024,1,1,Trunk Lock Actuator,,,,Accepted,500,,LEXUS,2011,IS350,https://www.rockauto.com/info/172/172_SM1550_1__ra_m.jpg
16,"3.5L V6 Body & Lamp Assembly ['LEXUS', 'IS F', '2008-2013', 'LEXUS', 'IS250', '2006-2013', 'LEXUS', 'IS350', '2006-2013']",USMF2623,LEXUS,"[{""address"":""Acura Almulla, Car Dealer Rd, Kuwait"",""location"":""https://maps.app.goo.gl/J3oPuFs33svZGpK89""}]",images/LEXUS/LEXUS___IS350___3.5L_V6___Windshield_Molding___Seal___USMF2623___16070.jpg,,5,0,0,,,0,0,none,0,0,1,,,,,,,,,0,,0,,,0,,,14/08/2024,1,1,Windshield Molding / Seal,,,,Accepted,500,,LEXUS,2011,IS350,https://www.rockauto.com/info/1143/USM_F2623-1__ra_m.jpg
16,"3.5L V6 Brake & Wheel Hub ['LEXUS', 'GS300', '2005-2006', 'LEXUS', 'GS350', '2007-2011', 'LEXUS', 'GS430', '2005-2007', 'LEXUS', 'GS450H', '2007-2011', 'LEXUS', 'GS460', '2008-2011', 'LEXUS', 'IS F', '2008-2014', 'LEXUS', 'IS250', '2006-2013', 'LEXUS', 'IS350', '2006-2013', 'LEXUS', 'LFA', '2012', 'LEXUS', 'LS460', '2007-2014', 'LEXUS', 'LS600H', '2008-2014']",AB2122,LEXUS,"[{""address"":""Acura Almulla, Car Dealer Rd, Kuwait"",""location"":""https://maps.app.goo.gl/J3oPuFs33svZGpK89""}]",images/LEXUS/LEXUS___IS350___3.5L_V6___ABS_Wheel_Speed_Sensor___AB2122___68522.jpg,,160,0,0,,,0,0,Standard Replacement ,0,0,1,,Rear Right,,,,,,,0,,0,,,0,,,14/08/2024,1,1,ABS Wheel Speed Sensor,,,,Accepted,500,,LEXUS,2011,IS350,https://www.rockauto.com/info/182/NTKAB2122__ra_m.jpg
16,"3.5L V6 Brake & Wheel Hub ['LEXUS', 'GS300', '2005-2006', 'LEXUS', 'GS350', '2007-2011', 'LEXUS', 'GS430', '2005-2007', 'LEXUS', 'GS450H', '2007-2011', 'LEXUS', 'GS460', '2008-2011', 'LEXUS', 'IS F', '2008-2014', 'LEXUS', 'IS250', '2006-2013', 'LEXUS', 'IS350', '2006-2013', 'LEXUS', 'LFA', '2012', 'LEXUS', 'LS460', '2007-2014', 'LEXUS', 'LS600H', '2008-2014']",AB2124,LEXUS,"[{""address"":""Acura Almulla, Car Dealer Rd, Kuwait"",""location"":""https://maps.app.goo.gl/J3oPuFs33svZGpK89""}]",images/LEXUS/LEXUS___IS350___3.5L_V6___ABS_Wheel_Speed_Sensor___AB2124___29005.jpg,,160,0,0,,,0,0,Standard Replacement ,0,0,1,,Rear Left,,,,,,,0,,0,,,0,,,14/08/2024,1,1,ABS Wheel Speed Sensor,,,,Accepted,500,,LEXUS,2011,IS350,https://www.rockauto.com/info/182/NTKAB2124__ra_m.jpg
16,"3.5L V6 Brake & Wheel Hub ['LEXUS', 'GS300', '2006', 'LEXUS', 'GS350', '2007-2011', 'LEXUS', 'IS250', '2007-2013', 'LEXUS', 'IS350', '2011-2013', 'LEXUS', 'LS460', '2010-2017', 'LEXUS', 'LS600H', '2008-2016']",ALS1800,LEXUS,"[{""address"":""Acura Almulla, Car Dealer Rd, Kuwait"",""location"":""https://maps.app.goo.gl/J3oPuFs33svZGpK89""}]",images/LEXUS/LEXUS___IS350___3.5L_V6___ABS_Wheel_Speed_Sensor___ALS1800___71380.jpg,,121,0,0,,,0,0,Standard Replacement ,0,0,1,,Front Right,,,,,,,0,,0,,,0,,,14/08/2024,1,1,ABS Wheel Speed Sensor,,,,Accepted,500,,LEXUS,2011,IS350,https://www.rockauto.com/info/154/ALS1800_Front__ra_m.jpg
16,"3.5L V6 Brake & Wheel Hub ['', '', '', '', '', '', '', '', '', '', '', '', '', '', '', '', '', '']",2ABS1447,LEXUS,"[{""address"":""Acura Almulla, Car Dealer Rd, Kuwait"",""location"":""https://maps.app.goo.gl/J3oPuFs33svZGpK89""}]",images/LEXUS/LEXUS___IS350___3.5L_V6___ABS_Wheel_Speed_Sensor___2ABS1447___87244.jpg,,65,0,0,,,0,0,Economy ,0,0,1,,Front Left,,,,,,,0,,0,,,0,,,14/08/2024,1,1,ABS Wheel Speed Sensor,,,,Accepted,500,,LEXUS,2011,IS350,https://www.rockauto.com/info/1084/2ABS1447_01__ra_m.jpg
16,"3.5L V6 Brake & Wheel Hub ['LEXUS', 'CT200H', '2011-2017', 'LEXUS', 'ES250', '2021-2022', 'LEXUS', 'ES300H', '2013-2022', 'LEXUS', 'ES350', '2015-2022', 'LEXUS', 'GS F', '2016-2020', 'LEXUS', 'GS200T', '2016-2017', 'LEXUS', 'GS300', '2018-2019', 'LEXUS', 'GS350', '2013-2020', 'LEXUS', 'GS450H', '2015-2018', 'LEXUS', 'GX460', '2018-2022', 'LEXUS', 'IS300', '2016-2022', 'LEXUS', 'IS350', '2006-2021', 'LEXUS', 'LC500', '2018-2021', 'LEXUS', 'LC500H', '2018-2021', 'LEXUS', 'LS460', '2016-2017', 'LEXUS', 'LS500', '2018-2021', 'LEXUS', 'LS500H', '2018-2021', 'LEXUS', 'LX570', '2018-2021', 'LEXUS', 'NX200T', '2015-2017', 'LEXUS', 'NX300', '2018-2021', 'LEXUS', 'NX300H', '2015-2021', 'LEXUS', 'RC F', '2015-2021', 'LEXUS', 'RC200T', '2016-2017', 'LEXUS', 'RC300', '2016-2020', 'LEXUS', 'RC350', '2016-2021', 'LEXUS', 'RX350', '2016-2020', 'LEXUS', 'RX450H', '2016-2021', 'LEXUS', 'RX450HL', '2021', 'LEXUS', 'UX200', '2019-2020', 'LEXUS', 'UX250H', '2019-2020', 'SCION', 'IM', '2016', 'TOYOTA', 'AVALON', '2008-2022', 'TOYOTA', 'C-HR', '2018-2022', 'TOYOTA', 'CAMRY', '2007-2022', 'TOYOTA', 'COROLLA', '2015-2022', 'TOYOTA', 'COROLLA CROSS', '2022', 'TOYOTA', 'COROLLA IM', '2017-2018', 'TOYOTA', 'PRIUS', '2012-2022', 'TOYOTA', 'PRIUS C', '2013-2016', 'TOYOTA', 'PRIUS PLUG-IN', '2013-2015', 'TOYOTA', 'PRIUS PRIME', '2017-2022', 'TOYOTA', 'PRIUS V', '2013-2017', 'TOYOTA', 'RAV4', '2016-2022', 'TOYOTA', 'SEQUOIA', '2018-2022', 'TOYOTA', 'SIENNA', '2011-2021', 'TOYOTA', 'TUNDRA', '2015-2021', 'TOYOTA', 'VENZA', '2021-2022']",FHH95042,LEXUS,"[{""address"":""Acura Almulla, Car Dealer Rd, Kuwait"",""location"":""https://maps.app.goo.gl/J3oPuFs33svZGpK89""}]",images/LEXUS/LEXUS___IS350___3.5L_V6___Banjo_Bolt___Washer___FHH95042___38858.jpg,,2,0,0,,,0,0,none,0,0,1,,,,,,,,,0,,0,,,0,,,14/08/2024,1,1,Banjo Bolt / Washer,,,,Accepted,500,,LEXUS,2011,IS350,https://www.rockauto.com/info/949/fvpfhh9504-2__ra_m.jpg
16,"3.5L V6 Brake & Wheel Hub ['ACURA', '1996-1999', 'BMW', '1968-2005', 'CADILLAC', '2010-2014', 'CHRYSLER', '1995-2013', 'DAIHATSU', '1991', 'DODGE', '1985-2014', 'EAGLE', '1990-1996', 'FIAT', '2012-2014', 'FORD', '1979-1997', 'GEO', '1990-1995', 'HONDA', '1994-2001', 'INFINITI', '2003-2022', 'ISUZU', '1983-1997', 'JEEP', '2007-2015', 'LEXUS', '1990-2024', 'MAZDA', '1972-2004', 'MERCEDES-BENZ', '1999-2000', 'MERCURY', '1989-1996', 'MITSUBISHI', '1987-2023', 'NISSAN', '2000-2022', 'PLYMOUTH', '1985-1993', 'PONTIAC', '2010', 'SAAB', '2005', 'SATURN', '2003-2005', 'SCION', '2006-2013', 'SUBARU', '1998-2004', 'SUZUKI', '2012', 'TOYOTA', '1981-2023', 'VOLKSWAGEN', '1980-1984']",9411K,LEXUS,"[{""address"":""Acura Almulla, Car Dealer Rd, Kuwait"",""location"":""https://maps.app.goo.gl/J3oPuFs33svZGpK89""}]",images/LEXUS/LEXUS___IS350___3.5L_V6___Brake_Bleeder_Screw___9411K___1992.jpg,,3,0,0,,,0,0,none,0,0,1,,Rear,,,,,,,0,,0,,,0,,,14/08/2024,1,1,Brake Bleeder Screw,,,,Accepted,500,,LEXUS,2011,IS350,https://www.rockauto.com/info/625/9411K__ra_m.jpg
16,"3.5L V6 Brake & Wheel Hub ['ALFA ROMEO', 'GIULIA', '2018', 'ALFA ROMEO', 'STELVIO', '2018', 'AUDI', '100', '1991-1992', 'AUDI', '80', '1988-1989', 'AUDI', '90', '1988-1995', 'AUDI', 'A3', '2020', 'AUDI', 'A4', '2020-2023', 'AUDI', 'A5', '2021-2023', 'AUDI', 'Q3', '2020-2024', 'AUDI', 'RS3', '2017', 'AUDI', 'S3', '2016-2020', 'AUDI', 'TT', '2016-2022', 'BMW', 'X5', '2011-2015', 'BMW', 'X6', '2008-2018', 'CADILLAC', 'DTS', '2006', 'CADILLAC', 'ESCALADE', '2009-2020', 'CHEVROLET', 'AVALANCHE', '2007', 'CHEVROLET', 'EXPRESS 3500', '2008-2019', 'CHEVROLET', 'SILVERADO 1500', '2005-2014', 'CHEVROLET', 'SILVERADO 3500', '2007-2010', 'CHEVROLET', 'SUBURBAN', '2015-2019', 'CHEVROLET', 'SUBURBAN 1500', '2000-2014', 'CHEVROLET', 'TAHOE', '2007-2019', 'DODGE', 'B100', '1971-1972', 'DODGE', 'B200', '1972', 'DODGE', 'COLT', '1971-1972', 'DODGE', 'D100 PICKUP', '1970-1972', 'DODGE', 'STEALTH', '1993-1996', 'FORD', 'MUSTANG', '2015-2020', 'GMC', 'SAVANA 3500', '2008-2020', 'GMC', 'SIERRA 1500', '2007-2018', 'GMC', 'SIERRA 1500 CLASSIC', '2007', 'GMC', 'SIERRA 3500', '2007-2009', 'GMC', 'YUKON', '2001-2020', 'GMC', 'YUKON XL', '2015-2020', 'GMC', 'YUKON XL 1500', '2000-2014', 'HONDA', 'PILOT', '2009-2015', 'HUMMER', 'H3', '2009-2010', 'HUMMER', 'H3T', '2009-2010', 'LEXUS', 'GS200T', '2016-2017', 'LEXUS', 'GS350', '2013-2020', 'LEXUS', 'GS450H', '2015-2018', 'LEXUS', 'IS300', '2017-2022', 'LEXUS', 'IS350', '2006-2022', 'LEXUS', 'LS400', '1995-1998', 'LEXUS', 'LS460', '2008-2017', 'LEXUS', 'LX450', '1996-1997', 'LEXUS', 'LX470', '1998-2007', 'LEXUS', 'LX570', '2008-2019', 'LEXUS', 'RC200T', '2017', 'LEXUS', 'RC300', '2022-2023', 'LEXUS', 'RC350', '2015-2023', 'MAZDA', '6', '2014-2020', 'MERCEDES-BENZ', 'C300', '2015-2021', 'MERCEDES-BENZ', 'C350E', '2016', 'MERCEDES-BENZ', 'C400', '2015', 'MERCEDES-BENZ', 'CLS400', '2015-2017', 'MERCURY', 'CAPRI', '1971-1972', 'MERKUR', 'SCORPIO', '1988-1989', 'MITSUBISHI', '3000GT', '1991-1999', 'NISSAN', '280Z', '1975-1977', 'NISSAN', '300ZX', '1991-1996', 'NISSAN', '510', '1968', 'NISSAN', '610', '1973', 'SUBARU', 'JUSTY', '1988-1994', 'TOYOTA', '4RUNNER', '1984-2002', 'TOYOTA', 'CORONA', '1969-1981', 'TOYOTA', 'CROWN', '1972', 'TOYOTA', 'LAND CRUISER', '1980-2021', 'TOYOTA', 'MARK II', '1972-1975', 'TOYOTA', 'PICKUP', '1978-1995', 'TOYOTA', 'SEQUOIA', '2002', 'TOYOTA', 'SUPRA', '1994-1995', 'TOYOTA', 'T100', '1994-1998', 'TOYOTA', 'TACOMA', '1995-2003', 'TOYOTA', 'TUNDRA', '2000-2002', 'VOLKSWAGEN', 'ARTEON', '2019-2022', 'VOLKSWAGEN', 'CORRADO', '1992-1995', 'VOLKSWAGEN', 'JETTA', '2019-2021', 'VOLKSWAGEN', 'QUANTUM', '1986-1987', 'VOLKSWAGEN', 'SCIROCCO', '1985', 'VOLKSWAGEN', 'TIGUAN', '2020-2023', 'VOLVO', 'C70', '1999-2004', 'VOLVO', 'S70', '1998-2000', 'VOLVO', 'S90', '2017-2023', 'VOLVO', 'V70', '1998-2000', 'VOLVO', 'V90', '2019-2023', 'VOLVO', 'V90 CROSS COUNTRY', '2021', 'VOLVO', 'XC60', '2018']",9412K,LEXUS,"[{""address"":""Acura Almulla, Car Dealer Rd, Kuwait"",""location"":""https://maps.app.goo.gl/J3oPuFs33svZGpK89""}]",images/LEXUS/LEXUS___IS350___3.5L_V6___Brake_Bleeder_Screw___9412K___3606.jpg,,3,0,0,,,0,0,none,0,0,1,,Front,,,,,,,0,,0,,,0,,,14/08/2024,1,1,Brake Bleeder Screw,,,,Accepted,500,,LEXUS,2011,IS350,https://www.rockauto.com/info/625/9412K__ra_m.jpg
16,"3.5L V6 Brake & Wheel Hub ['ACURA', '1991-2022', 'ALFA ROMEO', '1983-1995', 'BUICK', '1980-2020', 'CADILLAC', '1980-2021', 'CHEVROLET', '1980-2021', 'CHRYSLER', '1980-2023', 'DAEWOO', '1999-2001', 'DAIHATSU', '1991-1992', 'DODGE', '1980-2023', 'EAGLE', '1988-1996', 'FIAT', '1980-2020', 'FORD', '1980-2013', 'GENESIS', '2018-2021', 'GEO', '1989-1995', 'GMC', '1980-2021', 'HONDA', '1980-2023', 'HUMMER', '2004-2005', 'HYUNDAI', '1986-2021', 'INFINITI', '1990-2022', 'INTERNATIONAL', '1980', 'ISUZU', '1983-2008', 'JEEP', '1992-2024', 'KIA', '1995-2021', 'LEXUS', '1990-2024', 'LINCOLN', '1980-2013', 'MAZDA', '1980-2024', 'MERCURY', '1980-2011', 'MITSUBISHI', '1983-2022', 'NISSAN', '1980-2023', 'OLDSMOBILE', '1980-2003', 'PEUGEOT', '1984-1991', 'PLYMOUTH', '1980-2000', 'PONTIAC', '1980-2010', 'RAM', '2011-2022', 'RENAULT', '1981-1984', 'SAAB', '2008', 'SATURN', '1993-2010', 'SCION', '2006-2013', 'SUBARU', '1980-2022', 'SUZUKI', '1986-2013', 'TOYOTA', '1980-2023', 'YUGO', '1988-1990']",AS402Y,LEXUS,"[{""address"":""Acura Almulla, Car Dealer Rd, Kuwait"",""location"":""https://maps.app.goo.gl/J3oPuFs33svZGpK89""}]",images/LEXUS/LEXUS___IS350___3.5L_V6___Brake_Fluid___AS402Y___4317.jpg,,16,0,0,,,0,0,DOT 3 ,0,0,1,,,,,,,,,0,,0,,,0,,,14/08/2024,1,1,Brake Fluid,,,,Accepted,500,,LEXUS,2011,IS350,https://www.rockauto.com/info/692/AS402Y_P04_FRO__ra_m.jpg
16,"3.5L V6 Brake & Wheel Hub ['LEXUS', 'IS350', '2011-2013']",BH383758,LEXUS,"[{""address"":""Acura Almulla, Car Dealer Rd, Kuwait"",""location"":""https://maps.app.goo.gl/J3oPuFs33svZGpK89""}]",images/LEXUS/LEXUS___IS350___3.5L_V6___Brake_Hose___BH383758___4301.jpg,,13,0,0,,,0,0,Standard Replacement ,0,0,1,,Front Left,,,,,,,0,,0,,,0,,,14/08/2024,1,1,Brake Hose,,,,Accepted,500,,LEXUS,2011,IS350,https://www.rockauto.com/info/27/BH383758_FRO__ra_m.jpg
16,"3.5L V6 Brake & Wheel Hub ['LEXUS', 'IS350', '2011-2013']",BH383759,LEXUS,"[{""address"":""Acura Almulla, Car Dealer Rd, Kuwait"",""location"":""https://maps.app.goo.gl/J3oPuFs33svZGpK89""}]",images/LEXUS/LEXUS___IS350___3.5L_V6___Brake_Hose___BH383759___67375.jpg,,13,0,0,,,0,0,Standard Replacement ,0,0,1,,Front Right,,,,,,,0,,0,,,0,,,14/08/2024,1,1,Brake Hose,,,,Accepted,500,,LEXUS,2011,IS350,https://www.rockauto.com/info/27/BH383759_FRO__ra_m.jpg
16,"3.5L V6 Brake & Wheel Hub ['', '', '']",H621069,LEXUS,"[{""address"":""Acura Almulla, Car Dealer Rd, Kuwait"",""location"":""https://maps.app.goo.gl/J3oPuFs33svZGpK89""}]",images/LEXUS/LEXUS___IS350___3.5L_V6___Brake_Hose___H621069___17805.jpg,,10,0,0,,,0,0,Economy ,0,0,1,,,,,,,,,0,,0,,,0,,,14/08/2024,1,1,Brake Hose,,,,Accepted,500,,LEXUS,2011,IS350,https://www.rockauto.com/info/42/H621069-007__ra_m.jpg
16,"3.5L V6 Brake & Wheel Hub ['LEXUS', 'IS250', '2006-2015', 'LEXUS', 'IS350', '2006-2015']",18J4902,LEXUS,"[{""address"":""Acura Almulla, Car Dealer Rd, Kuwait"",""location"":""https://maps.app.goo.gl/J3oPuFs33svZGpK89""}]",images/LEXUS/LEXUS___IS350___3.5L_V6___Brake_Hose___18J4902___13898.jpg,,7,0,0,,,0,0,Standard Replacement ,0,0,1,,Rear,,,,,,,0,,0,,,0,,,14/08/2024,1,1,Brake Hose,,,,Accepted,500,,LEXUS,2011,IS350,https://www.rockauto.com/info/314/19312575_Primary__ra_m.jpg
16,"3.5L V6 Brake & Wheel Hub ['LEXUS', 'IS350', '2009-2015']",BH383761,LEXUS,"[{""address"":""Acura Almulla, Car Dealer Rd, Kuwait"",""location"":""https://maps.app.goo.gl/J3oPuFs33svZGpK89""}]",images/LEXUS/LEXUS___IS350___3.5L_V6___Brake_Hose___BH383761___69724.jpg,,9,0,0,,,0,0,Standard Replacement ,0,0,1,,Front,,,,,,,0,,0,,,0,,,14/08/2024,1,1,Brake Hose,,,,Accepted,500,,LEXUS,2011,IS350,https://www.rockauto.com/info/27/BH383761_FRO__ra_m.jpg
16,"3.5L V6 Brake & Wheel Hub ['ACURA', '1991-2011', 'AMERICAN MOTORS', '1959-1984', 'AUDI', '1974-2011', 'BMW', '1970-2011', 'BUICK', '1953-2011', 'CADILLAC', '1952-2010', 'CHEVROLET', '1946-2010', 'CHRYSLER', '1951-2010', 'DAEWOO', '2001', 'DAIHATSU', '1991-1992', 'DODGE', '1946-2010', 'EAGLE', '1988-1996', 'FIAT', '1968-1981', 'FORD', '1949-2011', 'FREIGHTLINER', '2002-2018', 'GEO', '1989-1995', 'GMC', '1954-2010', 'HONDA', '1976-2010', 'HUDSON', '1950-1955', 'HUMMER', '2004-2005', 'HYUNDAI', '1987-2011', 'INFINITI', '1990-2007', 'INTERNATIONAL', '1970-1980', 'ISUZU', '1983-2008', 'JAGUAR', '1994-2008', 'JEEP', '1946-2010', 'KIA', '1995-2010', 'LAND ROVER', '1993-2007', 'LEXUS', '1990-2010', 'LINCOLN', '1959-2011', 'MAZDA', '1972-2011', 'MERCEDES-BENZ', '1968-2011', 'MERCURY', '1948-2011', 'MINI', '2007-2008', 'MITSUBISHI', '1983-2011', 'NISSAN', '1968-2011', 'OLDSMOBILE', '1960-2003', 'OPEL', '1969-1972', 'PEUGEOT', '1976-1991', 'PLYMOUTH', '1951-2000', 'PONTIAC', '1947-2010', 'PORSCHE', '1973-2009', 'RENAULT', '1981-1987', 'SAAB', '1987-2005', 'SATURN', '1993-2010', 'SCION', '2006-2010', 'STUDEBAKER', '1950-1966', 'SUBARU', '1972-2010', 'SUZUKI', '1986-2006', 'TOYOTA', '1968-2011', 'VOLKSWAGEN', '1956-2014', 'VOLVO', '1967-2010', 'YUGO', '1988-1990']",HW1457,LEXUS,"[{""address"":""Acura Almulla, Car Dealer Rd, Kuwait"",""location"":""https://maps.app.goo.gl/J3oPuFs33svZGpK89""}]",images/LEXUS/LEXUS___IS350___3.5L_V6___Brake_Hose_Clip___HW1457___98741.jpg,,1,0,0,,,0,0,none,0,0,1,,Front,,,,,,,0,,0,,,0,,,14/08/2024,1,1,Brake Hose Clip,,,,Accepted,500,,LEXUS,2011,IS350,https://www.rockauto.com/info/42/H1457A-007__ra_m.jpg
16,"3.5L V6 Belt Drive ['LEXUS', 'ES350', '2007-2012', 'LEXUS', 'RX350', '2008-2009', 'TOYOTA', 'AVALON', '2005-2012', 'TOYOTA', 'CAMRY', '2007-2010', 'TOYOTA', 'SIENNA', '2007-2010']",7K2090,LEXUS,"[{""address"":""Acura Almulla, Car Dealer Rd, Kuwait"",""location"":""https://maps.app.goo.gl/J3oPuFs33svZGpK89""}]",images/LEXUS/LEXUS___ES350___3.5L_V6___Belt___7K2090___84894.jpg,,16,0,0,,,0,0,Standard Replacement ,0,0,1,,,,,,,,,0,,0,,,0,,,14/08/2024,1,1,Belt,,,,Accepted,500,,LEXUS,2009,ES350,https://www.rockauto.com/info/147/7K2090_VIEW%201__ra_m.jpg
16,"3.5L V6 Belt Drive ['LEXUS', 'ES350', '2007-2012', 'LEXUS', 'RX350', '2007-2009', 'TOYOTA', 'AVALON', '2005-2012', 'TOYOTA', 'CAMRY', '2007-2011', 'TOYOTA', 'SIENNA', '2007-2010']",ACK070822,LEXUS,"[{""address"":""Acura Almulla, Car Dealer Rd, Kuwait"",""location"":""https://maps.app.goo.gl/J3oPuFs33svZGpK89""}]",images/LEXUS/LEXUS___ES350___3.5L_V6___Belt_Tensioner___ACK070822___12240.jpg,,162,0,0,,,0,0,Kit ,0,0,1,,,,,,,,,0,,0,,,0,,,14/08/2024,1,1,Belt Tensioner,,,,Accepted,500,,LEXUS,2009,ES350,https://www.rockauto.com/info/335/19311172_Primary__ra_m.jpg
16,"3.5L V6 Belt Drive ['LEXUS', 'ES350', '2007-2022', 'LEXUS', 'GS350', '2007-2020', 'LEXUS', 'IS250', '2006-2015', 'LEXUS', 'IS300', '2016-2022', 'LEXUS', 'IS350', '2006-2022', 'LEXUS', 'RC300', '2016-2022', 'LEXUS', 'RC350', '2015-2022', 'LEXUS', 'RX350', '2007-2022', 'TOYOTA', '4RUNNER', '2003-2023', 'TOYOTA', 'AVALON', '2005-2022', 'TOYOTA', 'CAMRY', '2007-2022', 'TOYOTA', 'FJ CRUISER', '2007-2014', 'TOYOTA', 'HIGHLANDER', '2008-2022', 'TOYOTA', 'RAV4', '2006-2012', 'TOYOTA', 'SIENNA', '2007-2020', 'TOYOTA', 'TACOMA', '2005-2022', 'TOYOTA', 'TUNDRA', '2005-2014', 'TOYOTA', 'VENZA', '2009-2016']",49127,LEXUS,"[{""address"":""Acura Almulla, Car Dealer Rd, Kuwait"",""location"":""https://maps.app.goo.gl/J3oPuFs33svZGpK89""}]",images/LEXUS/LEXUS___ES350___3.5L_V6___Idler_Pulley___49127___37892.jpg,,27,0,0,,,0,0,none,0,0,1,,,,,,,,,0,,0,,,0,,,14/08/2024,1,1,Idler Pulley,,,,Accepted,500,,LEXUS,2009,ES350,https://www.rockauto.com/info/147/49127_VIEW%201__ra_m.jpg
16,"3.5L V6 Body & Lamp Assembly ['LEXUS', 'ES350', '2009-2011', 'LEXUS', 'GS350', '2009-2011', 'LEXUS', 'GS450H', '2009-2011', 'LEXUS', 'GS460', '2009-2011', 'LEXUS', 'GX460', '2010-2012', 'LEXUS', 'GX470', '2009', 'LEXUS', 'HS250H', '2010-2011', 'LEXUS', 'IS F', '2009-2011', 'LEXUS', 'IS250', '2009-2011', 'LEXUS', 'IS350', '2009-2011', 'LEXUS', 'LFA', '2012', 'LEXUS', 'LS460', '2009-2011', 'LEXUS', 'LS600H', '2009-2011', 'LEXUS', 'LX570', '2009-2011', 'LEXUS', 'RX350', '2009-2011', 'LEXUS', 'RX450H', '2010-2011', 'LEXUS', 'SC430', '2009-2010']",40LX31,LEXUS,"[{""address"":""Acura Almulla, Car Dealer Rd, Kuwait"",""location"":""https://maps.app.goo.gl/J3oPuFs33svZGpK89""}]",images/LEXUS/LEXUS___ES350___3.5L_V6___Antenna_Cable___40LX31___38897.jpg,,21,0,0,,,0,0,none,0,0,1,,,,,,,,,0,,0,,,0,,,14/08/2024,1,1,Antenna Cable,,,,Accepted,500,,LEXUS,2009,ES350,https://www.rockauto.com/info/1195/40-LX31__ra_m.jpg
16,"3.5L V6 Body & Lamp Assembly ['LEXUS', 'ES350', '2007-2009']",LX1000167,LEXUS,"[{""address"":""Acura Almulla, Car Dealer Rd, Kuwait"",""location"":""https://maps.app.goo.gl/J3oPuFs33svZGpK89""}]",images/LEXUS/LEXUS___ES350___3.5L_V6___Bumper___LX1000167___96110.jpg,,49,0,0,,,0,0,none,0,0,1,,Front,,,,,,,0,,0,,,0,,,14/08/2024,1,1,Bumper,,,,Accepted,500,,LEXUS,2009,ES350,https://www.rockauto.com/info/69/T2_LX1000167C_Fro__ra_m.jpg
16,"3.5L V6 Body & Lamp Assembly ['LEXUS', 'ES350', '2007-2012']",LX1100130,LEXUS,"[{""address"":""Acura Almulla, Car Dealer Rd, Kuwait"",""location"":""https://maps.app.goo.gl/J3oPuFs33svZGpK89""}]",images/LEXUS/LEXUS___ES350___3.5L_V6___Bumper___LX1100130___12535.jpg,,57,0,0,,,0,0,none,0,0,1,,Rear,,,,,,,0,,0,,,0,,,14/08/2024,1,1,Bumper,,,,Accepted,500,,LEXUS,2009,ES350,https://www.rockauto.com/info/69/T2_LX1100130C_Fro__ra_m.jpg
16,"3.5L V6 Body & Lamp Assembly ['LEXUS', 'ES300', '2002-2003', 'LEXUS', 'ES300H', '2013-2018', 'LEXUS', 'ES330', '2004-2006', 'LEXUS', 'ES350', '2007-2018', 'TOYOTA', 'AVALON', '2005-2018', 'TOYOTA', 'CAMRY', '2002-2017', 'TOYOTA', 'SOLARA', '2004-2008', 'TOYOTA', 'VENZA', '2009-2016']",TO1066200,LEXUS,"[{""address"":""Acura Almulla, Car Dealer Rd, Kuwait"",""location"":""https://maps.app.goo.gl/J3oPuFs33svZGpK89""}]",,,20,0,0,,,0,0,none,0,0,1,,Front Left,,,,,,,0,,0,,,0,,,14/08/2024,1,1,Bumper Bracket,,,,Accepted,500,,LEXUS,2009,ES350,
16,"3.5L V6 Body & Lamp Assembly ['LEXUS', 'ES300', '2002-2003', 'LEXUS', 'ES300H', '2013-2018', 'LEXUS', 'ES330', '2004-2006', 'LEXUS', 'ES350', '2007-2018', 'TOYOTA', 'AVALON', '2005-2018', 'TOYOTA', 'CAMRY', '2002-2017', 'TOYOTA', 'SOLARA', '2004-2008', 'TOYOTA', 'VENZA', '2009-2016']",TO1067200,LEXUS,"[{""address"":""Acura Almulla, Car Dealer Rd, Kuwait"",""location"":""https://maps.app.goo.gl/J3oPuFs33svZGpK89""}]",,,23,0,0,,,0,0,none,0,0,1,,Front Right,,,,,,,0,,0,,,0,,,14/08/2024,1,1,Bumper Bracket,,,,Accepted,500,,LEXUS,2009,ES350,
16,"3.5L V6 Body & Lamp Assembly ['LEXUS', 'ES350', '2007-2009']",LX1070115,LEXUS,"[{""address"":""Acura Almulla, Car Dealer Rd, Kuwait"",""location"":""https://maps.app.goo.gl/J3oPuFs33svZGpK89""}]",images/LEXUS/LEXUS___ES350___3.5L_V6___Bumper_Energy_Absorber___LX1070115___17190.jpg,,Out of Stock,0,0,,,0,0,none,0,0,1,,Front,,,,,,,0,,0,,,0,,,14/08/2024,1,1,Bumper Energy Absorber,,,,Accepted,500,,LEXUS,2009,ES350,https://www.rockauto.com/info/69/T2_LX1070115_Fro__ra_m.jpg
16,"3.5L V6 Body & Lamp Assembly ['LEXUS', 'ES350', '2007-2012']",LX1170102,LEXUS,"[{""address"":""Acura Almulla, Car Dealer Rd, Kuwait"",""location"":""https://maps.app.goo.gl/J3oPuFs33svZGpK89""}]",images/LEXUS/LEXUS___ES350___3.5L_V6___Bumper_Energy_Absorber___LX1170102___12894.jpg,,Out of Stock,0,0,,,0,0,none,0,0,1,,Rear,,,,,,,0,,0,,,0,,,14/08/2024,1,1,Bumper Energy Absorber,,,,Accepted,500,,LEXUS,2009,ES350,https://www.rockauto.com/info/69/LX1170102N__ra_m.jpg
16,"3.5L V6 Body & Lamp Assembly ['LEXUS', 'ES350', '2007-2009']",LX1026100,LEXUS,"[{""address"":""Acura Almulla, Car Dealer Rd, Kuwait"",""location"":""https://maps.app.goo.gl/J3oPuFs33svZGpK89""}]",images/LEXUS/LEXUS___ES350___3.5L_V6___Bumper_Reinforcement___LX1026100___38659.jpg,,5,0,0,,,0,0,none,0,0,1,,Front Left,,,,,,,0,,0,,,0,,,14/08/2024,1,1,Bumper Reinforcement,,,,Accepted,500,,LEXUS,2009,ES350,https://www.rockauto.com/info/69/T2_LX1026100_Fro__ra_m.jpg
16,"3.5L V6 Body & Lamp Assembly ['LEXUS', 'ES350', '2007-2009']",LX1027100,LEXUS,"[{""address"":""Acura Almulla, Car Dealer Rd, Kuwait"",""location"":""https://maps.app.goo.gl/J3oPuFs33svZGpK89""}]",images/LEXUS/LEXUS___ES350___3.5L_V6___Bumper_Reinforcement___LX1027100___13721.jpg,,5,0,0,,,0,0,none,0,0,1,,Front Right,,,,,,,0,,0,,,0,,,14/08/2024,1,1,Bumper Reinforcement,,,,Accepted,500,,LEXUS,2009,ES350,https://www.rockauto.com/info/69/T2_LX1027100_Fro__ra_m.jpg
16,"3.5L V6 Body & Lamp Assembly ['LEXUS', 'ES350', '2007-2012']",LX1006132,LEXUS,"[{""address"":""Acura Almulla, Car Dealer Rd, Kuwait"",""location"":""https://maps.app.goo.gl/J3oPuFs33svZGpK89""}]",images/LEXUS/LEXUS___ES350___3.5L_V6___Bumper_Reinforcement___LX1006132___74399.jpg,,21,0,0,,,0,0,none,0,0,1,,Front,,,,,,,0,,0,,,0,,,14/08/2024,1,1,Bumper Reinforcement,,,,Accepted,500,,LEXUS,2009,ES350,https://www.rockauto.com/info/69/T2_LX1006132_Fro__ra_m.jpg
16,"3.5L V6 Body & Lamp Assembly ['LEXUS', 'ES350', '2007-2012']",LX1106126,LEXUS,"[{""address"":""Acura Almulla, Car Dealer Rd, Kuwait"",""location"":""https://maps.app.goo.gl/J3oPuFs33svZGpK89""}]",images/LEXUS/LEXUS___ES350___3.5L_V6___Bumper_Reinforcement___LX1106126___89403.jpg,,56,0,0,,,0,0,none,0,0,1,,Rear,,,,,,,0,,0,,,0,,,14/08/2024,1,1,Bumper Reinforcement,,,,Accepted,500,,LEXUS,2009,ES350,https://www.rockauto.com/info/69/T2_LX1106126_Fro__ra_m.jpg
16,"3.5L V6 Body & Lamp Assembly ['LEXUS', 'ES350', '2007-2014', 'LEXUS', 'GS350', '2007-2014', 'LEXUS', 'GS430', '2007', 'LEXUS', 'GS450H', '2007-2014', 'LEXUS', 'GS460', '2008-2011', 'LEXUS', 'IS F', '2008-2014', 'LEXUS', 'IS250', '2007-2014', 'LEXUS', 'IS350', '2007-2014', 'LEXUS', 'LFA', '2012', 'LEXUS', 'LS460', '2007-2017', 'LEXUS', 'LS600H', '2008-2016', 'LEXUS', 'RX350', '2007-2014', 'LEXUS', 'RX450H', '2010-2014', 'SCION', 'IM', '2016', 'SCION', 'XB', '2008-2015', 'TOYOTA', 'COROLLA IM', '2017', 'TOYOTA', 'HIGHLANDER', '2007-2017', 'TOYOTA', 'HILUX', '2015-2017', 'TOYOTA', 'SIENNA', '2015-2017', 'TOYOTA', 'VENZA', '2015-2016']",700646,LEXUS,"[{""address"":""Acura Almulla, Car Dealer Rd, Kuwait"",""location"":""https://maps.app.goo.gl/J3oPuFs33svZGpK89""}]",images/LEXUS/LEXUS___ES350___3.5L_V6___Bumper_Retainer___700646___50218.jpg,,1,0,0,,,0,0,none,0,0,1,,Front,,,,,,,0,,0,,,0,,,14/08/2024,1,1,Bumper Retainer,,,,Accepted,500,,LEXUS,2009,ES350,https://www.rockauto.com/info/42/700-646-B-007__ra_m.jpg
16,"3.5L V6 Body & Lamp Assembly ['LEXUS', 'ES350', '2007-2012']",LX1042107,LEXUS,"[{""address"":""Acura Almulla, Car Dealer Rd, Kuwait"",""location"":""https://maps.app.goo.gl/J3oPuFs33svZGpK89""}]",images/LEXUS/LEXUS___ES350___3.5L_V6___Bumper_Support___LX1042107___86302.jpg,,4,0,0,,,0,0,none,0,0,1,,Front Left,,,,,,,0,,0,,,0,,,14/08/2024,1,1,Bumper Support,,,,Accepted,500,,LEXUS,2009,ES350,https://www.rockauto.com/info/69/T2_LX1042107_Fro__ra_m.jpg
16,"3.5L V6 Body & Lamp Assembly ['LEXUS', 'ES350', '2007-2012']",LX1043107,LEXUS,"[{""address"":""Acura Almulla, Car Dealer Rd, Kuwait"",""location"":""https://maps.app.goo.gl/J3oPuFs33svZGpK89""}]",images/LEXUS/LEXUS___ES350___3.5L_V6___Bumper_Support___LX1043107___13368.jpg,,4,0,0,,,0,0,none,0,0,1,,Front Right,,,,,,,0,,0,,,0,,,14/08/2024,1,1,Bumper Support,,,,Accepted,500,,LEXUS,2009,ES350,https://www.rockauto.com/info/69/T2_LX1043107_Fro__ra_m.jpg
16,"3.5L V6 Body & Lamp Assembly ['LEXUS', 'ES350', '2007-2012']",LX1142100,LEXUS,"[{""address"":""Acura Almulla, Car Dealer Rd, Kuwait"",""location"":""https://maps.app.goo.gl/J3oPuFs33svZGpK89""}]",images/LEXUS/LEXUS___ES350___3.5L_V6___Bumper_Support___LX1142100___97865.jpg,,8,0,0,,,0,0,none,0,0,1,,Rear Left,,,,,,,0,,0,,,0,,,14/08/2024,1,1,Bumper Support,,,,Accepted,500,,LEXUS,2009,ES350,https://www.rockauto.com/info/69/6223564__ra_m.jpg
16,"3.5L V6 Body & Lamp Assembly ['LEXUS', 'ES350', '2007-2012']",LX1143100,LEXUS,"[{""address"":""Acura Almulla, Car Dealer Rd, Kuwait"",""location"":""https://maps.app.goo.gl/J3oPuFs33svZGpK89""}]",images/LEXUS/LEXUS___ES350___3.5L_V6___Bumper_Support___LX1143100___22889.jpg,,Out of Stock,0,0,,,0,0,none,0,0,1,,Rear Right,,,,,,,0,,0,,,0,,,14/08/2024,1,1,Bumper Support,,,,Accepted,500,,LEXUS,2009,ES350,https://www.rockauto.com/info/69/T2_LX1143100_Fro__ra_m.jpg
16,"3.5L V6 Body & Lamp Assembly ['LEXUS', 'ES350', '2007-2012', 'LEXUS', 'IS F', '2008-2014', 'LEXUS', 'IS250', '2006-2013', 'LEXUS', 'IS350', '2006-2013', 'LEXUS', 'LS460', '2007-2017', 'LEXUS', 'LS600H', '2008-2016']",93059,LEXUS,"[{""address"":""Acura Almulla, Car Dealer Rd, Kuwait"",""location"":""https://maps.app.goo.gl/J3oPuFs33svZGpK89""}]",images/LEXUS/LEXUS___ES350___3.5L_V6___Door_Handle___93059___26294.jpg,,88,0,0,,,0,0,none,0,0,1,,Rear Left,,,,,,,0,,0,,,0,,,14/08/2024,1,1,Door Handle,,,,Accepted,500,,LEXUS,2009,ES350,https://www.rockauto.com/info/42/93059-007__ra_m.jpg
16,"3.5L V6 Body & Lamp Assembly ['LEXUS', 'ES350', '2007-2012', 'LEXUS', 'IS F', '2008-2014', 'LEXUS', 'IS250', '2006-2013', 'LEXUS', 'IS350', '2006-2013', 'LEXUS', 'LS460', '2007-2017', 'LEXUS', 'LS600H', '2008-2016']",93057,LEXUS,"[{""address"":""Acura Almulla, Car Dealer Rd, Kuwait"",""location"":""https://maps.app.goo.gl/J3oPuFs33svZGpK89""}]",images/LEXUS/LEXUS___ES350___3.5L_V6___Door_Handle___93057___92332.jpg,,87,0,0,,,0,0,none,0,0,1,,Front Left,,,,,,,0,,0,,,0,,,14/08/2024,1,1,Door Handle,,,,Accepted,500,,LEXUS,2009,ES350,https://www.rockauto.com/info/42/93057-007__ra_m.jpg
16,"3.5L V6 Body & Lamp Assembly ['LEXUS', 'ES350', '2007-2012', 'LEXUS', 'IS F', '2008-2014', 'LEXUS', 'IS250', '2006-2013', 'LEXUS', 'IS350', '2006-2013', 'LEXUS', 'LS460', '2007-2017', 'LEXUS', 'LS600H', '2008-2016']",93058,LEXUS,"[{""address"":""Acura Almulla, Car Dealer Rd, Kuwait"",""location"":""https://maps.app.goo.gl/J3oPuFs33svZGpK89""}]",images/LEXUS/LEXUS___ES350___3.5L_V6___Door_Handle___93058___21766.jpg,,87,0,0,,,0,0,none,0,0,1,,Front Right,,,,,,,0,,0,,,0,,,14/08/2024,1,1,Door Handle,,,,Accepted,500,,LEXUS,2009,ES350,https://www.rockauto.com/info/42/93058-007__ra_m.jpg
16,"3.5L V6 Body & Lamp Assembly ['LEXUS', 'ES350', '2007-2012', 'LEXUS', 'IS F', '2008-2014', 'LEXUS', 'IS250', '2006-2013', 'LEXUS', 'IS350', '2006-2013', 'LEXUS', 'LS460', '2007-2017', 'LEXUS', 'LS600H', '2008-2016']",93060,LEXUS,"[{""address"":""Acura Almulla, Car Dealer Rd, Kuwait"",""location"":""https://maps.app.goo.gl/J3oPuFs33svZGpK89""}]",images/LEXUS/LEXUS___ES350___3.5L_V6___Door_Handle___93060___24201.jpg,,93,0,0,,,0,0,none,0,0,1,,Rear Right,,,,,,,0,,0,,,0,,,14/08/2024,1,1,Door Handle,,,,Accepted,500,,LEXUS,2009,ES350,https://www.rockauto.com/info/42/93060-007__ra_m.jpg
16,"3.5L V6 Body & Lamp Assembly ['LEXUS', 'CT200H', '2011-2017', 'LEXUS', 'ES300H', '2013-2018', 'LEXUS', 'ES350', '2007-2018', 'LEXUS', 'GS F', '2016-2020', 'LEXUS', 'GS TURBO', '2017', 'LEXUS', 'GS300', '2018-2019', 'LEXUS', 'GS350', '2013-2020', 'LEXUS', 'GS450H', '2013-2018', 'LEXUS', 'GX460', '2010-2020', 'LEXUS', 'HS250H', '2010-2012', 'LEXUS', 'IS F', '2008-2014', 'LEXUS', 'IS200T', '2016-2017', 'LEXUS', 'IS250', '2006-2015', 'LEXUS', 'IS300', '2016-2020', 'LEXUS', 'IS350', '2006-2020', 'LEXUS', 'LX570', '2008-2020', 'LEXUS', 'NX200T', '2015-2017', 'LEXUS', 'NX300', '2018-2020', 'LEXUS', 'NX300H', '2015-2018', 'LEXUS', 'RX350', '2010-2015', 'LEXUS', 'RX450H', '2010-2015', 'SCION', 'IM', '2016', 'SCION', 'IQ', '2012-2015', 'SCION', 'TC', '2005-2016', 'SCION', 'XB', '2008-2015', 'SCION', 'XD', '2008-2014', 'TOYOTA', '4RUNNER', '2010-2020', 'TOYOTA', 'AVALON', '2013-2020', 'TOYOTA', 'C-HR', '2018-2020', 'TOYOTA', 'CAMRY', '2007-2020', 'TOYOTA', 'CELICA', '1994-1999', 'TOYOTA', 'COROLLA', '1993-2020', 'TOYOTA', 'COROLLA IM', '2017-2018', 'TOYOTA', 'FJ CRUISER', '2007-2014', 'TOYOTA', 'HIGHLANDER', '2001-2020', 'TOYOTA', 'LAND CRUISER', '2008-2020', 'TOYOTA', 'MATRIX', '2003-2013', 'TOYOTA', 'PRIUS', '2001-2020', 'TOYOTA', 'PRIUS C', '2012-2019', 'TOYOTA', 'PRIUS PRIME', '2020', 'TOYOTA', 'PRIUS V', '2012-2017', 'TOYOTA', 'RAV4', '2006-2020', 'TOYOTA', 'SEQUOIA', '2008-2019', 'TOYOTA', 'SIENNA', '2011-2020', 'TOYOTA', 'TACOMA', '2005-2020', 'TOYOTA', 'TUNDRA', '2007-2020', 'TOYOTA', 'VENZA', '2009-2015', 'TOYOTA', 'YARIS', '2007-2019']",924990,LEXUS,"[{""address"":""Acura Almulla, Car Dealer Rd, Kuwait"",""location"":""https://maps.app.goo.gl/J3oPuFs33svZGpK89""}]",images/LEXUS/LEXUS___ES350___3.5L_V6___Door_Hinge___924990___43957.jpg,,11,0,0,,,0,0,none,0,0,1,,,,,,,,,0,,0,,,0,,,14/08/2024,1,1,Door Hinge,,,,Accepted,500,,LEXUS,2009,ES350,https://www.rockauto.com/info/6952/6952_ULTRAPOWER%20DORMAN_924990_1__ra_m.jpg
16,"3.5L V6 Body & Lamp Assembly ['LEXUS', 'CT200H', '2011-2017', 'LEXUS', 'ES300H', '2013-2018', 'LEXUS', 'ES350', '2007-2018', 'LEXUS', 'GS F', '2016-2020', 'LEXUS', 'GS200T', '2016-2017', 'LEXUS', 'GS300', '2018-2019', 'LEXUS', 'GS350', '2013-2020', 'LEXUS', 'GS450H', '2013-2018', 'LEXUS', 'GX460', '2010-2020', 'LEXUS', 'HS250H', '2010-2012', 'LEXUS', 'IS F', '2008-2014', 'LEXUS', 'IS200T', '2016-2017', 'LEXUS', 'IS250', '2006-2015', 'LEXUS', 'IS300', '2016-2020', 'LEXUS', 'IS350', '2006-2020', 'LEXUS', 'LX570', '2008-2020', 'LEXUS', 'NX200T', '2015-2017', 'LEXUS', 'NX300', '2018-2020', 'LEXUS', 'NX300H', '2015-2018', 'LEXUS', 'RX350', '2010-2015', 'LEXUS', 'RX450H', '2010-2015', 'SCION', 'IM', '2016', 'SCION', 'IQ', '2012-2015', 'SCION', 'TC', '2005-2016', 'SCION', 'XB', '2008-2015', 'SCION', 'XD', '2008-2014', 'TOYOTA', '4RUNNER', '2010-2020', 'TOYOTA', 'AVALON', '2013-2020', 'TOYOTA', 'C-HR', '2018-2020', 'TOYOTA', 'CAMRY', '2007-2020', 'TOYOTA', 'CELICA', '1994-1999', 'TOYOTA', 'COROLLA', '1993-2020', 'TOYOTA', 'COROLLA IM', '2017-2018', 'TOYOTA', 'FJ CRUISER', '2007-2014', 'TOYOTA', 'HIGHLANDER', '2001-2020', 'TOYOTA', 'HILUX', '2004-2018', 'TOYOTA', 'LAND CRUISER', '2008-2020', 'TOYOTA', 'MATRIX', '2003-2014', 'TOYOTA', 'PRIUS', '2001-2020', 'TOYOTA', 'PRIUS C', '2012-2020', 'TOYOTA', 'PRIUS PLUG-IN', '2013-2015', 'TOYOTA', 'PRIUS PRIME', '2017-2020', 'TOYOTA', 'PRIUS V', '2012-2018', 'TOYOTA', 'RAV4', '2006-2020', 'TOYOTA', 'SEQUOIA', '2008-2020', 'TOYOTA', 'SIENNA', '2011-2020', 'TOYOTA', 'TACOMA', '2005-2020', 'TOYOTA', 'TUNDRA', '2007-2020', 'TOYOTA', 'VENZA', '2009-2016', 'TOYOTA', 'YARIS', '2006-2019']",924991,LEXUS,"[{""address"":""Acura Almulla, Car Dealer Rd, Kuwait"",""location"":""https://maps.app.goo.gl/J3oPuFs33svZGpK89""}]",images/LEXUS/LEXUS___ES350___3.5L_V6___Door_Hinge___924991___51576.jpg,,15,0,0,,,0,0,none,0,0,1,,Front Right,,,,,,,0,,0,,,0,,,14/08/2024,1,1,Door Hinge,,,,Accepted,500,,LEXUS,2009,ES350,https://www.rockauto.com/info/42/924-991-007__ra_m.jpg
16,"3.5L V6 Body & Lamp Assembly ['LEXUS', 'CT200H', '2011-2017', 'LEXUS', 'ES300H', '2013-2018', 'LEXUS', 'ES350', '2007-2018', 'LEXUS', 'GS F', '2016-2020', 'LEXUS', 'GS200T', '2016-2017', 'LEXUS', 'GS300', '2018-2019', 'LEXUS', 'GS350', '2013-2020', 'LEXUS', 'GS450H', '2013-2018', 'LEXUS', 'GX460', '2010-2020', 'LEXUS', 'HS250H', '2010-2012', 'LEXUS', 'IS F', '2008-2014', 'LEXUS', 'IS200T', '2016-2017', 'LEXUS', 'IS250', '2006-2015', 'LEXUS', 'IS300', '2016-2020', 'LEXUS', 'IS350', '2006-2020', 'LEXUS', 'LX570', '2008-2020', 'LEXUS', 'NX200T', '2015-2017', 'LEXUS', 'NX300', '2018-2020', 'LEXUS', 'NX300H', '2015-2018', 'LEXUS', 'RX350', '2010-2015', 'LEXUS', 'RX450H', '2010-2015', 'SCION', 'IM', '2016', 'SCION', 'IQ', '2012-2015', 'SCION', 'TC', '2005-2016', 'SCION', 'XB', '2008-2015', 'SCION', 'XD', '2008-2014', 'TOYOTA', '4RUNNER', '2010-2020', 'TOYOTA', 'AVALON', '2013-2020', 'TOYOTA', 'C-HR', '2018-2020', 'TOYOTA', 'CAMRY', '2007-2020', 'TOYOTA', 'CELICA', '1994-1999', 'TOYOTA', 'COROLLA', '1993-2020', 'TOYOTA', 'COROLLA IM', '2017-2018', 'TOYOTA', 'FJ CRUISER', '2007-2014', 'TOYOTA', 'HIGHLANDER', '2001-2020', 'TOYOTA', 'HILUX', '2004-2018', 'TOYOTA', 'LAND CRUISER', '2008-2020', 'TOYOTA', 'MATRIX', '2003-2014', 'TOYOTA', 'PRIUS', '2001-2020', 'TOYOTA', 'PRIUS C', '2012-2020', 'TOYOTA', 'PRIUS PLUG-IN', '2013-2015', 'TOYOTA', 'PRIUS PRIME', '2017-2020', 'TOYOTA', 'PRIUS V', '2012-2018', 'TOYOTA', 'RAV4', '2006-2020', 'TOYOTA', 'SEQUOIA', '2008-2020', 'TOYOTA', 'SIENNA', '2011-2020', 'TOYOTA', 'TACOMA', '2005-2020', 'TOYOTA', 'TUNDRA', '2007-2020', 'TOYOTA', 'VENZA', '2009-2016', 'TOYOTA', 'YARIS', '2006-2019']",924990,LEXUS,"[{""address"":""Acura Almulla, Car Dealer Rd, Kuwait"",""location"":""https://maps.app.goo.gl/J3oPuFs33svZGpK89""}]",images/LEXUS/LEXUS___ES350___3.5L_V6___Door_Hinge___924990___52295.jpg,,15,0,0,,,0,0,none,0,0,1,,Front Left,,,,,,,0,,0,,,0,,,14/08/2024,1,1,Door Hinge,,,,Accepted,500,,LEXUS,2009,ES350,https://www.rockauto.com/info/42/924-990-007__ra_m.jpg
16,"3.5L V6 Body & Lamp Assembly ['LEXUS', 'CT200H', '2011-2015', 'LEXUS', 'ES300H', '2013-2018', 'LEXUS', 'ES350', '2007-2018', 'LEXUS', 'GS F', '2018-2020', 'LEXUS', 'GS200T', '2016-2017', 'LEXUS', 'GS300', '2018-2019', 'LEXUS', 'GS350', '2013-2020', 'LEXUS', 'GS450H', '2014-2018', 'LEXUS', 'GX460', '2010-2023', 'LEXUS', 'HS250H', '2010-2012', 'LEXUS', 'IS F', '2008-2010', 'LEXUS', 'IS200T', '2017', 'LEXUS', 'IS250', '2006-2015', 'LEXUS', 'IS300', '2017-2024', 'LEXUS', 'IS350', '2006-2024', 'LEXUS', 'LX570', '2008-2019', 'LEXUS', 'NX200T', '2015-2016', 'LEXUS', 'NX300', '2018-2021', 'LEXUS', 'NX300H', '2015-2021', 'LEXUS', 'RX330', '2004-2006', 'LEXUS', 'RX350', '2007-2015', 'LEXUS', 'RX450H', '2010-2015', 'SCION', 'IQ', '2012-2015', 'SCION', 'TC', '2005-2015', 'SCION', 'XB', '2008-2015', 'SCION', 'XD', '2008-2013', 'TOYOTA', '4RUNNER', '2011-2024', 'TOYOTA', 'AVALON', '2000-2022', 'TOYOTA', 'C-HR', '2018-2021', 'TOYOTA', 'CAMRY', '2002-2024', 'TOYOTA', 'CELICA', '1994-1998', 'TOYOTA', 'COROLLA', '1993-2022', 'TOYOTA', 'COROLLA IM', '2017-2018', 'TOYOTA', 'FJ CRUISER', '2007-2014', 'TOYOTA', 'HIGHLANDER', '2001-2022', 'TOYOTA', 'HILUX', '2004-2022', 'TOYOTA', 'LAND CRUISER', '2008-2021', 'TOYOTA', 'MATRIX', '2003-2014', 'TOYOTA', 'PRIUS', '2002-2022', 'TOYOTA', 'PRIUS C', '2012-2021', 'TOYOTA', 'PRIUS PLUG-IN', '2013-2015', 'TOYOTA', 'PRIUS PRIME', '2017-2022', 'TOYOTA', 'PRIUS V', '2012-2018', 'TOYOTA', 'RAV4', '2006-2024', 'TOYOTA', 'SEQUOIA', '2009-2022', 'TOYOTA', 'SIENNA', '2011-2020', 'TOYOTA', 'SOLARA', '2004-2008', 'TOYOTA', 'TACOMA', '2005-2023', 'TOYOTA', 'TUNDRA', '2007-2021', 'TOYOTA', 'VENZA', '2009-2015', 'TOYOTA', 'YARIS', '2006-2019']",38470,LEXUS,"[{""address"":""Acura Almulla, Car Dealer Rd, Kuwait"",""location"":""https://maps.app.goo.gl/J3oPuFs33svZGpK89""}]",images/LEXUS/LEXUS___ES350___3.5L_V6___Door_Hinge_Pin___Bushing_Kit___38470___31946.jpg,,6,0,0,,,0,0,none,0,0,1,,Front,,,,,,,0,,0,,,0,,,14/08/2024,1,1,Door Hinge Pin & Bushing Kit,,,,Accepted,500,,LEXUS,2009,ES350,https://www.rockauto.com/info/42/38470-007__ra_m.jpg
16,"3.5L V6 Body & Lamp Assembly ['LEXUS', 'CT200H', '2011-2017', 'LEXUS', 'ES300H', '2013-2019', 'LEXUS', 'ES350', '2007-2018', 'LEXUS', 'GS F', '2016-2019', 'LEXUS', 'GS200T', '2016-2017', 'LEXUS', 'GS300', '2018-2019', 'LEXUS', 'GS350', '2013-2019', 'LEXUS', 'GS450H', '2013-2018', 'LEXUS', 'GX460', '2010-2019', 'LEXUS', 'HS250H', '2010-2012', 'LEXUS', 'IS250', '2010-2015', 'LEXUS', 'IS350', '2010-2015', 'LEXUS', 'LS460', '2007-2012', 'LEXUS', 'LX570', '2008-2016', 'LEXUS', 'RX350', '2009-2015', 'LEXUS', 'RX450H', '2010-2015', 'SCION', 'IM', '2016', 'SCION', 'IQ', '2012-2015', 'SCION', 'TC', '2011-2016', 'SCION', 'XB', '2008-2015', 'SCION', 'XD', '2008-2012', 'TOYOTA', '4RUNNER', '2010-2019', 'TOYOTA', 'CAMRY', '2007-2017', 'TOYOTA', 'COROLLA', '2009-2013', 'TOYOTA', 'COROLLA IM', '2017-2018', 'TOYOTA', 'HIGHLANDER', '2008-2013', 'TOYOTA', 'LAND CRUISER', '2008-2019', 'TOYOTA', 'MATRIX', '2009-2014', 'TOYOTA', 'PRIUS C', '2012', 'TOYOTA', 'PRIUS V', '2012-2014', 'TOYOTA', 'RAV4', '2006-2018', 'TOYOTA', 'SEQUOIA', '2008-2019', 'TOYOTA', 'SIENNA', '2012-2014', 'TOYOTA', 'TUNDRA', '2007-2019', 'TOYOTA', 'VENZA', '2009-2016']",931401,LEXUS,"[{""address"":""Acura Almulla, Car Dealer Rd, Kuwait"",""location"":""https://maps.app.goo.gl/J3oPuFs33svZGpK89""}]",images/LEXUS/LEXUS___ES350___3.5L_V6___Door_Lock_Actuator___931401___31344.jpg,,104,0,0,,,0,0,Economy ,0,0,1,,Front Left,,,,,,,0,,0,,,0,,,14/08/2024,1,1,Door Lock Actuator,,,,Accepted,500,,LEXUS,2009,ES350,https://www.rockauto.com/info/42/931-401-007__ra_m.jpg
16,"3.5L V6 Body & Lamp Assembly ['LEXUS', 'CT200H', '2011-2017', 'LEXUS', 'ES300H', '2013-2018', 'LEXUS', 'ES350', '2007-2018', 'LEXUS', 'GS F', '2016-2018', 'LEXUS', 'GS200T', '2016-2017', 'LEXUS', 'GS300', '2018', 'LEXUS', 'GS350', '2013-2018', 'LEXUS', 'GS450H', '2013-2018', 'LEXUS', 'GX460', '2010-2018', 'LEXUS', 'HS250H', '2010-2012', 'LEXUS', 'IS250', '2010-2015', 'LEXUS', 'IS350', '2010-2015', 'LEXUS', 'LS460', '2007-2012', 'LEXUS', 'LX570', '2008-2015', 'LEXUS', 'RX350', '2010-2015', 'LEXUS', 'RX450H', '2010-2015', 'SCION', 'IM', '2016', 'SCION', 'IQ', '2012-2015', 'SCION', 'TC', '2011-2016', 'SCION', 'XB', '2008-2015', 'SCION', 'XD', '2008-2012', 'TOYOTA', '4RUNNER', '2010-2018', 'TOYOTA', 'CAMRY', '2007-2017', 'TOYOTA', 'COROLLA', '2009-2013', 'TOYOTA', 'COROLLA IM', '2017-2018', 'TOYOTA', 'HIGHLANDER', '2008-2013', 'TOYOTA', 'LAND CRUISER', '2008-2018', 'TOYOTA', 'MATRIX', '2009-2014', 'TOYOTA', 'PRIUS C', '2012', 'TOYOTA', 'PRIUS V', '2012-2015', 'TOYOTA', 'RAV4', '2006-2018', 'TOYOTA', 'SEQUOIA', '2008-2018', 'TOYOTA', 'SIENNA', '2011-2015', 'TOYOTA', 'TUNDRA', '2007-2018', 'TOYOTA', 'VENZA', '2009-2015']",DLT008,LEXUS,"[{""address"":""Acura Almulla, Car Dealer Rd, Kuwait"",""location"":""https://maps.app.goo.gl/J3oPuFs33svZGpK89""}]",images/LEXUS/LEXUS___ES350___3.5L_V6___Door_Lock_Actuator___DLT008___41942.jpg,,79,0,0,,,0,0,Daily Driver ,0,0,1,,Front Right,,,,,,,0,,0,,,0,,,14/08/2024,1,1,Door Lock Actuator,,,,Accepted,500,,LEXUS,2009,ES350,https://www.rockauto.com/info/191/DLT008-1__ra_m.jpg
16,"3.5L V6 Body & Lamp Assembly ['LEXUS', 'CT200H', '2011-2017', 'LEXUS', 'ES350', '2007-2012', 'LEXUS', 'HS250H', '2010-2012', 'LEXUS', 'LS460', '2007-2012']",DLA845,LEXUS,"[{""address"":""Acura Almulla, Car Dealer Rd, Kuwait"",""location"":""https://maps.app.goo.gl/J3oPuFs33svZGpK89""}]",images/LEXUS/LEXUS___ES350___3.5L_V6___Door_Lock_Actuator___DLA845___17248.jpg,,90,0,0,,,0,0,Daily Driver ,0,0,1,,Rear Left,,,,,,,0,,0,,,0,,,14/08/2024,1,1,Door Lock Actuator,,,,Accepted,500,,LEXUS,2009,ES350,https://www.rockauto.com/info/154/DLA845_Front__ra_m.jpg
16,"3.5L V6 Body & Lamp Assembly ['LEXUS', 'CT200H', '2011-2017', 'LEXUS', 'ES350', '2007-2012', 'LEXUS', 'HS250H', '2010-2012', 'LEXUS', 'LS460', '2007-2012', 'TOYOTA', 'COROLLA', '2019-2022']",DLA841,LEXUS,"[{""address"":""Acura Almulla, Car Dealer Rd, Kuwait"",""location"":""https://maps.app.goo.gl/J3oPuFs33svZGpK89""}]",images/LEXUS/LEXUS___ES350___3.5L_V6___Door_Lock_Actuator___DLA841___6924.jpg,,121,0,0,,,0,0,Daily Driver ,0,0,1,,Rear Right,,,,,,,0,,0,,,0,,,14/08/2024,1,1,Door Lock Actuator,,,,Accepted,500,,LEXUS,2009,ES350,https://www.rockauto.com/info/154/DLA-841_Front__ra_m.jpg
16,"3.5L V6 Body & Lamp Assembly ['LEXUS', 'ES350', '2007-2012', 'LEXUS', 'IS250', '2010-2015', 'LEXUS', 'IS350', '2010-2015', 'LEXUS', 'LS460', '2007-2017', 'LEXUS', 'NX200T', '2015-2017', 'LEXUS', 'RC200T', '2016-2017', 'LEXUS', 'RC300', '2016-2018', 'LEXUS', 'RC350', '2015-2018']",LX1803109,LEXUS,"[{""address"":""Acura Almulla, Car Dealer Rd, Kuwait"",""location"":""https://maps.app.goo.gl/J3oPuFs33svZGpK89""}]",,,Out of Stock,0,0,,,0,0,none,0,0,1,,Rear,,,,,,,0,,0,,,0,,,14/08/2024,1,1,Emblem / Decal,,,,Accepted,500,,LEXUS,2009,ES350,
16,"3.5L V6 Body & Lamp Assembly ['LEXUS', 'ES350', '2007-2012']",LX1241113,LEXUS,"[{""address"":""Acura Almulla, Car Dealer Rd, Kuwait"",""location"":""https://maps.app.goo.gl/J3oPuFs33svZGpK89""}]",images/LEXUS/LEXUS___ES350___3.5L_V6___Fender___LX1241113___46951.jpg,,47,0,0,,,0,0,none,0,0,1,,Front Right,,,,,,,0,,0,,,0,,,14/08/2024,1,1,Fender,,,,Accepted,500,,LEXUS,2009,ES350,https://www.rockauto.com/info/69/T2_LX1241113_Fro__ra_m.jpg
16,"3.5L V6 Body & Lamp Assembly ['LEXUS', 'ES350', '2007-2012']",LX1240113,LEXUS,"[{""address"":""Acura Almulla, Car Dealer Rd, Kuwait"",""location"":""https://maps.app.goo.gl/J3oPuFs33svZGpK89""}]",images/LEXUS/LEXUS___ES350___3.5L_V6___Fender___LX1240113___6935.jpg,,47,0,0,,,0,0,none,0,0,1,,Front Left,,,,,,,0,,0,,,0,,,14/08/2024,1,1,Fender,,,,Accepted,500,,LEXUS,2009,ES350,https://www.rockauto.com/info/69/T2_LX1240113_Fro__ra_m.jpg
16,"3.5L V6 Body & Lamp Assembly ['LEXUS', 'ES300', '2002-2003', 'LEXUS', 'ES330', '2004-2006', 'LEXUS', 'ES350', '2007-2018', 'LEXUS', 'RX330', '2004-2006', 'LEXUS', 'RX350', '2007-2022', 'LEXUS', 'RX400H', '2006-2008', 'LEXUS', 'RX450H', '2010-2022', 'LEXUS', 'RX450HL', '2021-2022', 'TOYOTA', 'AVALON', '2005-2018', 'TOYOTA', 'CAMRY', '2002-2017', 'TOYOTA', 'HIGHLANDER', '2001-2013', 'TOYOTA', 'SIENNA', '2004-2020', 'TOYOTA', 'SOLARA', '2004-2008']",TO1255100,LEXUS,"[{""address"":""Acura Almulla, Car Dealer Rd, Kuwait"",""location"":""https://maps.app.goo.gl/J3oPuFs33svZGpK89""}]",,,Out of Stock,0,0,,,0,0,none,0,0,1,,Front Right,,,,,,,0,,0,,,0,,,14/08/2024,1,1,Fender Bracket,,,,Accepted,500,,LEXUS,2009,ES350,
16,"3.5L V6 Body & Lamp Assembly ['LEXUS', 'ES350', '2007-2009']",19595901,LEXUS,"[{""address"":""Acura Almulla, Car Dealer Rd, Kuwait"",""location"":""https://maps.app.goo.gl/J3oPuFs33svZGpK89""}]",images/LEXUS/LEXUS___ES350___3.5L_V6___Fog___Driving_Lamp_Assembly___19595901___27841.jpg,,12,0,0,,,0,0,none,0,0,1,,Right,,,,,,,0,,0,,,0,,,14/08/2024,1,1,Fog / Driving Lamp Assembly,,,,Accepted,500,,LEXUS,2009,ES350,https://www.rockauto.com/info/41/19-5959-01_1__ra_m.jpg
16,"3.5L V6 Body & Lamp Assembly ['LEXUS', 'ES350', '2007-2009']",LX2592108,LEXUS,"[{""address"":""Acura Almulla, Car Dealer Rd, Kuwait"",""location"":""https://maps.app.goo.gl/J3oPuFs33svZGpK89""}]",images/LEXUS/LEXUS___ES350___3.5L_V6___Fog___Driving_Lamp_Assembly___LX2592108___56318.jpg,,15,0,0,,,0,0,none,0,0,1,,Left,,,,,,,0,,0,,,0,,,14/08/2024,1,1,Fog / Driving Lamp Assembly,,,,Accepted,500,,LEXUS,2009,ES350,https://www.rockauto.com/info/69/6223362__ra_m.jpg
16,"3.5L V6 Body & Lamp Assembly ['LEXUS', 'ES350', '2007-2009']",3242502LUD,LEXUS,"[{""address"":""Acura Almulla, Car Dealer Rd, Kuwait"",""location"":""https://maps.app.goo.gl/J3oPuFs33svZGpK89""}]",images/LEXUS/LEXUS___ES350___3.5L_V6___Fog_Lamp_Cover___3242502LUD___16890.jpg,,7,0,0,,,0,0,none,0,0,1,,Left,,,,,,,0,,0,,,0,,,14/08/2024,1,1,Fog Lamp Cover,,,,Accepted,500,,LEXUS,2009,ES350,https://www.rockauto.com/info/831/324-2502L-UD__ra_m.jpg
16,"3.5L V6 Body & Lamp Assembly ['LEXUS', 'ES350', '2007-2009']",3242502RUD,LEXUS,"[{""address"":""Acura Almulla, Car Dealer Rd, Kuwait"",""location"":""https://maps.app.goo.gl/J3oPuFs33svZGpK89""}]",images/LEXUS/LEXUS___ES350___3.5L_V6___Fog_Lamp_Cover___3242502RUD___52900.jpg,,7,0,0,,,0,0,none,0,0,1,,Right,,,,,,,0,,0,,,0,,,14/08/2024,1,1,Fog Lamp Cover,,,,Accepted,500,,LEXUS,2009,ES350,https://www.rockauto.com/info/831/324-2502R-UD__ra_m.jpg
16,"3.5L V6 Body & Lamp Assembly ['LEXUS', 'ES350', '2007-2012']",LX1224101,LEXUS,"[{""address"":""Acura Almulla, Car Dealer Rd, Kuwait"",""location"":""https://maps.app.goo.gl/J3oPuFs33svZGpK89""}]",images/LEXUS/LEXUS___ES350___3.5L_V6___Front_Panel_Molding___Radiator_Cover___LX1224101___91336.jpg,,Out of Stock,0,0,,,0,0,none,0,0,1,,Front,,,,,,,0,,0,,,0,,,14/08/2024,1,1,Front Panel Molding / Radiator Cover,,,,Accepted,500,,LEXUS,2009,ES350,https://www.rockauto.com/info/69/6223741__ra_m.jpg
16,"3.5L V6 Body & Lamp Assembly ['LEXUS', 'ES350', '2007-2009']",LX1200126,LEXUS,"[{""address"":""Acura Almulla, Car Dealer Rd, Kuwait"",""location"":""https://maps.app.goo.gl/J3oPuFs33svZGpK89""}]",images/LEXUS/LEXUS___ES350___3.5L_V6___Grille___LX1200126___35794.jpg,,22,0,0,,,0,0,none,0,0,1,,,,,,,,,0,,0,,,0,,,14/08/2024,1,1,Grille,,,,Accepted,500,,LEXUS,2009,ES350,https://www.rockauto.com/info/69/T2_LX1200126_Fro__ra_m.jpg
16,"3.5L V6 Body & Lamp Assembly ['LEXUS', 'ES350', '2007-2012', 'LEXUS', 'IS F', '2008-2014', 'LEXUS', 'IS250', '2006-2015', 'LEXUS', 'IS350', '2006-2015', 'LEXUS', 'LS460', '2007-2017', 'LEXUS', 'LS600H', '2008-2016', 'SCION', 'XD', '2008-2012', 'TOYOTA', '4RUNNER', '2010-2017', 'TOYOTA', 'HIGHLANDER', '2014-2017', 'TOYOTA', 'PRIUS C', '2012', 'TOYOTA', 'SEQUOIA', '2008-2017']",961034,LEXUS,"[{""address"":""Acura Almulla, Car Dealer Rd, Kuwait"",""location"":""https://maps.app.goo.gl/J3oPuFs33svZGpK89""}]",images/LEXUS/LEXUS___ES350___3.5L_V6___Grille_Retainer___Clip___961034___93285.jpg,,1,0,0,,,0,0,none,0,0,1,,,,,,,,,0,,0,,,0,,,14/08/2024,1,1,Grille Retainer / Clip,,,,Accepted,500,,LEXUS,2009,ES350,https://www.rockauto.com/info/42/961-034D-007__ra_m.jpg
16,"3.5L V6 Body & Lamp Assembly ['LEXUS', 'ES350', '2007-2009']",LX2502142,LEXUS,"[{""address"":""Acura Almulla, Car Dealer Rd, Kuwait"",""location"":""https://maps.app.goo.gl/J3oPuFs33svZGpK89""}]",images/LEXUS/LEXUS___ES350___3.5L_V6___Headlamp_Assembly___LX2502142___98279.jpg,,383,0,0,,,0,0,none,0,0,1,,Left,,,,,,,0,,0,,,0,,,14/08/2024,1,1,Headlamp Assembly,,,,Accepted,500,,LEXUS,2009,ES350,https://www.rockauto.com/info/69/622336A__ra_m.jpg
16,"3.5L V6 Body & Lamp Assembly ['LEXUS', 'ES350', '2007-2009']",LX2503142,LEXUS,"[{""address"":""Acura Almulla, Car Dealer Rd, Kuwait"",""location"":""https://maps.app.goo.gl/J3oPuFs33svZGpK89""}]",images/LEXUS/LEXUS___ES350___3.5L_V6___Headlamp_Assembly___LX2503142___41023.jpg,,300,0,0,,,0,0,none,0,0,1,,Right,,,,,,,0,,0,,,0,,,14/08/2024,1,1,Headlamp Assembly,,,,Accepted,500,,LEXUS,2009,ES350,https://www.rockauto.com/info/69/LX2503142__ra_m.jpg
16,"3.5L V6 Body & Lamp Assembly ['LEXUS', 'ES350', '2007-2012', 'TOYOTA', 'AVALON', '2005-2012']",LSH111,LEXUS,"[{""address"":""Acura Almulla, Car Dealer Rd, Kuwait"",""location"":""https://maps.app.goo.gl/J3oPuFs33svZGpK89""}]",images/LEXUS/LEXUS___ES350___3.5L_V6___Headlamp_Level_Sensor___LSH111___89208.jpg,,141,0,0,,,0,0,none,0,0,1,,Rear Right,,,,,,,0,,0,,,0,,,14/08/2024,1,1,Headlamp Level Sensor,,,,Accepted,500,,LEXUS,2009,ES350,https://www.rockauto.com/info/154/LSH111_Front__ra_m.jpg
16,"3.5L V6 Body & Lamp Assembly ['LEXUS', 'ES350', '2007-2012']",LX1230107,LEXUS,"[{""address"":""Acura Almulla, Car Dealer Rd, Kuwait"",""location"":""https://maps.app.goo.gl/J3oPuFs33svZGpK89""}]",images/LEXUS/LEXUS___ES350___3.5L_V6___Hood___LX1230107___84263.jpg,,180,0,0,,,0,0,none,0,0,1,,,,,,,,,0,,0,,,0,,,14/08/2024,1,1,Hood,,,,Accepted,500,,LEXUS,2009,ES350,https://www.rockauto.com/info/69/T2_LX1230107C_Fro__ra_m.jpg
16,"3.5L V6 Body & Lamp Assembly ['LEXUS', 'ES350', '2007-2012']",LX1236104,LEXUS,"[{""address"":""Acura Almulla, Car Dealer Rd, Kuwait"",""location"":""https://maps.app.goo.gl/J3oPuFs33svZGpK89""}]",images/LEXUS/LEXUS___ES350___3.5L_V6___Hood_Hinge___LX1236104___77242.jpg,,3,0,0,,,0,0,none,0,0,1,,Left,,,,,,,0,,0,,,0,,,14/08/2024,1,1,Hood Hinge,,,,Accepted,500,,LEXUS,2009,ES350,https://www.rockauto.com/info/69/T2_LX1236104_Fro__ra_m.jpg
16,"3.5L V6 Body & Lamp Assembly ['LEXUS', 'ES350', '2007-2012']",LX1236105,LEXUS,"[{""address"":""Acura Almulla, Car Dealer Rd, Kuwait"",""location"":""https://maps.app.goo.gl/J3oPuFs33svZGpK89""}]",images/LEXUS/LEXUS___ES350___3.5L_V6___Hood_Hinge___LX1236105___77243.jpg,,Out of Stock,0,0,,,0,0,none,0,0,1,,Right,,,,,,,0,,0,,,0,,,14/08/2024,1,1,Hood Hinge,,,,Accepted,500,,LEXUS,2009,ES350,https://www.rockauto.com/info/69/T2_LX1236105_Fro__ra_m.jpg
16,"3.5L V6 Body & Lamp Assembly ['LEXUS', 'CT200H', '2011-2017', 'LEXUS', 'ES300H', '2013-2019', 'LEXUS', 'ES350', '2007-2019', 'LEXUS', 'GS F', '2016-2018', 'LEXUS', 'GS200T', '2016-2017', 'LEXUS', 'GS300', '2018', 'LEXUS', 'GS350', '2013-2018', 'LEXUS', 'GS450H', '2013-2018', 'LEXUS', 'GX460', '2010-2018', 'LEXUS', 'GX470', '2003-2009', 'LEXUS', 'HS250H', '2010-2012', 'LEXUS', 'IS200T', '2016-2017', 'LEXUS', 'IS250', '2010-2015', 'LEXUS', 'IS300', '2016-2018', 'LEXUS', 'IS350', '2010-2018', 'LEXUS', 'LC500', '2018', 'LEXUS', 'LC500H', '2018', 'LEXUS', 'LS430', '2002-2006', 'LEXUS', 'LS460', '2007-2017', 'LEXUS', 'LS500', '2018', 'LEXUS', 'LS500H', '2018', 'LEXUS', 'LS600H', '2008-2016', 'LEXUS', 'LX470', '2006-2007', 'LEXUS', 'LX570', '2008-2018', 'LEXUS', 'NX200T', '2015-2017', 'LEXUS', 'NX300', '2018', 'LEXUS', 'NX300H', '2015-2018', 'LEXUS', 'RC F', '2015-2018', 'LEXUS', 'RC200T', '2016-2017', 'LEXUS', 'RC300', '2016-2018', 'LEXUS', 'RC350', '2015-2018', 'LEXUS', 'RX300', '2002-2003', 'LEXUS', 'RX330', '2004-2006', 'LEXUS', 'RX350', '2007-2018', 'LEXUS', 'RX400H', '2006-2008', 'LEXUS', 'RX450H', '2010-2018', 'SCION', 'IM', '2016', 'SCION', 'IQ', '2012-2015', 'SCION', 'TC', '2011-2016', 'SCION', 'XB', '2004-2015', 'SCION', 'XD', '2008-2014', 'TOYOTA', '4RUNNER', '2003-2018', 'TOYOTA', 'AVALON', '2005-2019', 'TOYOTA', 'C-HR', '2018', 'TOYOTA', 'CAMRY', '2002-2018', 'TOYOTA', 'COROLLA', '1984-2013', 'TOYOTA', 'HIGHLANDER', '2002-2018', 'TOYOTA', 'LAND CRUISER', '2006-2018', 'TOYOTA', 'MATRIX', '2003-2014', 'TOYOTA', 'MIRAI', '2016-2018', 'TOYOTA', 'PRIUS', '2006-2018', 'TOYOTA', 'PRIUS C', '2012-2018', 'TOYOTA', 'PRIUS PLUG-IN', '2013-2015', 'TOYOTA', 'PRIUS PRIME', '2017-2018', 'TOYOTA', 'PRIUS V', '2012-2018', 'TOYOTA', 'RAV4', '2006-2018', 'TOYOTA', 'SOLARA', '2004-2008', 'TOYOTA', 'TACOMA', '2000', 'TOYOTA', 'TUNDRA', '2014-2018', 'TOYOTA', 'VENZA', '2009-2016', 'TOYOTA', 'YARIS', '2007-2018']",963088,LEXUS,"[{""address"":""Acura Almulla, Car Dealer Rd, Kuwait"",""location"":""https://maps.app.goo.gl/J3oPuFs33svZGpK89""}]",images/LEXUS/LEXUS___ES350___3.5L_V6___Hood_Insulator_Retainer___Clip___963088___63802.jpg,,1,0,0,,,0,0,none,0,0,1,,,,,,,,,0,,0,,,0,,,14/08/2024,1,1,Hood Insulator Retainer / Clip,,,,Accepted,500,,LEXUS,2009,ES350,https://www.rockauto.com/info/42/963-088D-007__ra_m.jpg
16,"3.5L V6 Body & Lamp Assembly ['LEXUS', 'ES350', '2007-2012']",LX1233100,LEXUS,"[{""address"":""Acura Almulla, Car Dealer Rd, Kuwait"",""location"":""https://maps.app.goo.gl/J3oPuFs33svZGpK89""}]",images/LEXUS/LEXUS___ES350___3.5L_V6___Hood_Latch___LX1233100___68707.jpg,,15,0,0,,,0,0,none,0,0,1,,,,,,,,,0,,0,,,0,,,14/08/2024,1,1,Hood Latch,,,,Accepted,500,,LEXUS,2009,ES350,https://www.rockauto.com/info/69/6223233__ra_m.jpg
16,"3.5L V6 Body & Lamp Assembly ['LEXUS', 'ES350', '2007-2009']",LX1250116,LEXUS,"[{""address"":""Acura Almulla, Car Dealer Rd, Kuwait"",""location"":""https://maps.app.goo.gl/J3oPuFs33svZGpK89""}]",images/LEXUS/LEXUS___ES350___3.5L_V6___Inner_Fender_Splash_Shield___LX1250116___86228.jpg,,24,0,0,,,0,0,none,0,0,1,,Front Left,,,,,,,0,,0,,,0,,,14/08/2024,1,1,Inner Fender Splash Shield,,,,Accepted,500,,LEXUS,2009,ES350,https://www.rockauto.com/info/69/T2_LX1250116C_Fro__ra_m.jpg
16,"3.5L V6 Body & Lamp Assembly ['LEXUS', 'ES350', '2007-2009']",LX1251116,LEXUS,"[{""address"":""Acura Almulla, Car Dealer Rd, Kuwait"",""location"":""https://maps.app.goo.gl/J3oPuFs33svZGpK89""}]",images/LEXUS/LEXUS___ES350___3.5L_V6___Inner_Fender_Splash_Shield___LX1251116___44506.jpg,,24,0,0,,,0,0,none,0,0,1,,Front Right,,,,,,,0,,0,,,0,,,14/08/2024,1,1,Inner Fender Splash Shield,,,,Accepted,500,,LEXUS,2009,ES350,https://www.rockauto.com/info/69/T2_LX1251116C_Fro__ra_m.jpg
16,"3.5L V6 Body & Lamp Assembly ['LEXUS', 'ES350', '2007-2009']",LX1068102,LEXUS,"[{""address"":""Acura Almulla, Car Dealer Rd, Kuwait"",""location"":""https://maps.app.goo.gl/J3oPuFs33svZGpK89""}]",images/LEXUS/LEXUS___ES350___3.5L_V6___License_Plate_Bracket___LX1068102___45554.jpg,,4,0,0,,,0,0,none,0,0,1,,Front,,,,,,,0,,0,,,0,,,14/08/2024,1,1,License Plate Bracket,,,,Accepted,500,,LEXUS,2009,ES350,https://www.rockauto.com/info/69/T2_LX1068102_Fro__ra_m.jpg
16,"3.5L V6 Body & Lamp Assembly ['LEXUS', 'ES350', '2007-2012']",3B017487,LEXUS,"[{""address"":""Acura Almulla, Car Dealer Rd, Kuwait"",""location"":""https://maps.app.goo.gl/J3oPuFs33svZGpK89""}]",images/LEXUS/LEXUS___ES350___3.5L_V6___Lift_Support___3B017487___94449.jpg,,10,0,0,,,0,0,none,0,0,1,,,,,,,,,0,,0,,,0,,,14/08/2024,1,1,Lift Support,,,,Accepted,500,,LEXUS,2009,ES350,https://www.rockauto.com/info/1125/Pic16__ra_m.jpg
16,"3.5L V6 Body & Lamp Assembly ['LEXUS', 'ES350', '2008-2009']",LX1320134,LEXUS,"[{""address"":""Acura Almulla, Car Dealer Rd, Kuwait"",""location"":""https://maps.app.goo.gl/J3oPuFs33svZGpK89""}]",images/LEXUS/LEXUS___ES350___3.5L_V6___Outside_Mirror___Glass_Assembly___LX1320134___34180.jpg,,Out of Stock,0,0,,,0,0,none,0,0,1,,Left,,,,,,,0,,0,,,0,,,14/08/2024,1,1,Outside Mirror & Glass Assembly,,,,Accepted,500,,LEXUS,2009,ES350,https://www.rockauto.com/info/69/6223636__ra_m.jpg
16,"3.5L V6 Body & Lamp Assembly ['LEXUS', 'ES350', '2008-2009']",LX1321134,LEXUS,"[{""address"":""Acura Almulla, Car Dealer Rd, Kuwait"",""location"":""https://maps.app.goo.gl/J3oPuFs33svZGpK89""}]",images/LEXUS/LEXUS___ES350___3.5L_V6___Outside_Mirror___Glass_Assembly___LX1321134___59960.jpg,,Out of Stock,0,0,,,0,0,none,0,0,1,,Right,,,,,,,0,,0,,,0,,,14/08/2024,1,1,Outside Mirror & Glass Assembly,,,,Accepted,500,,LEXUS,2009,ES350,https://www.rockauto.com/info/69/6223635__ra_m.jpg
16,"3.5L V6 Body & Lamp Assembly ['LEXUS', 'ES350', '2007-2009', 'LEXUS', 'IS250', '2006-2008', 'LEXUS', 'IS350', '2006-2008']",4148,LEXUS,"[{""address"":""Acura Almulla, Car Dealer Rd, Kuwait"",""location"":""https://maps.app.goo.gl/J3oPuFs33svZGpK89""}]",images/LEXUS/LEXUS___ES350___3.5L_V6___Outside_Mirror_Glass___4148___3239.jpg,,10,0,0,,,0,0,none,0,0,1,,Left,,,,,,,0,,0,,,0,,,14/08/2024,1,1,Outside Mirror Glass,,,,Accepted,500,,LEXUS,2009,ES350,https://www.rockauto.com/info/1123/4148__ra_m.jpg
16,"3.5L V6 Body & Lamp Assembly ['LEXUS', 'ES350', '2007-2009', 'LEXUS', 'IS250', '2006-2008', 'LEXUS', 'IS350', '2006-2008']",5245,LEXUS,"[{""address"":""Acura Almulla, Car Dealer Rd, Kuwait"",""location"":""https://maps.app.goo.gl/J3oPuFs33svZGpK89""}]",images/LEXUS/LEXUS___ES350___3.5L_V6___Outside_Mirror_Glass___5245___53237.jpg,,13,0,0,,,0,0,none,0,0,1,,Right,,,,,,,0,,0,,,0,,,14/08/2024,1,1,Outside Mirror Glass,,,,Accepted,500,,LEXUS,2009,ES350,https://www.rockauto.com/info/1123/5245__ra_m.jpg
16,"3.5L V6 Body & Lamp Assembly ['LEXUS', 'ES350', '2007-2012']",590637,LEXUS,"[{""address"":""Acura Almulla, Car Dealer Rd, Kuwait"",""location"":""https://maps.app.goo.gl/J3oPuFs33svZGpK89""}]",images/LEXUS/LEXUS___ES350___3.5L_V6___Park_Assist__PAS__Camera___590637___77145.jpg,,61,0,0,,,0,0,none,0,0,1,,Rear,,,,,,,0,,0,,,0,,,14/08/2024,1,1,Park Assist (PAS) Camera,,,,Accepted,500,,LEXUS,2009,ES350,https://www.rockauto.com/info/42/590-637-007__ra_m.jpg
16,"3.5L V6 Body & Lamp Assembly ['LEXUS', 'ES350', '2007-2012']",PAC227,LEXUS,"[{""address"":""Acura Almulla, Car Dealer Rd, Kuwait"",""location"":""https://maps.app.goo.gl/J3oPuFs33svZGpK89""}]",images/LEXUS/LEXUS___ES350___3.5L_V6___Park_Assist__PAS__Camera___PAC227___9896.jpg,,80,0,0,,,0,0,none,0,0,1,,,,,,,,,0,,0,,,0,,,14/08/2024,1,1,Park Assist (PAS) Camera,,,,Accepted,500,,LEXUS,2009,ES350,https://www.rockauto.com/info/154/PAC227_Angle__ra_m.jpg
16,"3.5L V6 Body & Lamp Assembly ['LEXUS', 'ES350', '2007-2012']",LX1225113,LEXUS,"[{""address"":""Acura Almulla, Car Dealer Rd, Kuwait"",""location"":""https://maps.app.goo.gl/J3oPuFs33svZGpK89""}]",images/LEXUS/LEXUS___ES350___3.5L_V6___Radiator_Support___LX1225113___92144.jpg,,54,0,0,,,0,0,none,0,0,1,,,,,,,,,0,,0,,,0,,,14/08/2024,1,1,Radiator Support,,,,Accepted,500,,LEXUS,2009,ES350,https://www.rockauto.com/info/69/T2_LX1225113_Fro__ra_m.jpg
16,"3.5L V6 Body & Lamp Assembly ['LEXUS', 'CT200H', '2011-2012', 'LEXUS', 'ES300H', '2013', 'LEXUS', 'ES350', '2007-2018', 'LEXUS', 'GS350', '2007-2013', 'LEXUS', 'GS430', '2007', 'LEXUS', 'GS450H', '2007-2013', 'LEXUS', 'GS460', '2008-2011', 'LEXUS', 'GX460', '2010-2014', 'LEXUS', 'IS F', '2008-2012', 'LEXUS', 'IS250', '2006-2012', 'LEXUS', 'IS350', '2006-2012', 'LEXUS', 'LS460', '2007-2012', 'LEXUS', 'LS600H', '2008-2012', 'SCION', 'TC', '2011-2012', 'TOYOTA', '4RUNNER', '2010-2014', 'TOYOTA', 'CAMRY', '2007-2017', 'TOYOTA', 'HIGHLANDER', '2008-2012', 'TOYOTA', 'PRIUS', '2010-2012', 'TOYOTA', 'PRIUS V', '2012']",963634,LEXUS,"[{""address"":""Acura Almulla, Car Dealer Rd, Kuwait"",""location"":""https://maps.app.goo.gl/J3oPuFs33svZGpK89""}]",images/LEXUS/LEXUS___ES350___3.5L_V6___Splash_Shield_Retainer___Clip___963634___52501.jpg,,1,0,0,,,0,0,none,0,0,1,,,,,,,,,0,,0,,,0,,,14/08/2024,1,1,Splash Shield Retainer / Clip,,,,Accepted,500,,LEXUS,2009,ES350,https://www.rockauto.com/info/42/963-634D-007__ra_m.jpg
16,"3.5L V6 Body & Lamp Assembly ['LEXUS', 'ES350', '2007-2009']",11638901,LEXUS,"[{""address"":""Acura Almulla, Car Dealer Rd, Kuwait"",""location"":""https://maps.app.goo.gl/J3oPuFs33svZGpK89""}]",images/LEXUS/LEXUS___ES350___3.5L_V6___Tail_Lamp_Assembly___11638901___1722.jpg,,31,0,0,,,0,0,none,0,0,1,,Right,,,,,,,0,,0,,,0,,,14/08/2024,1,1,Tail Lamp Assembly,,,,Accepted,500,,LEXUS,2009,ES350,https://www.rockauto.com/info/41/11-6389-01_1WM__ra_m.jpg
16,"3.5L V6 Body & Lamp Assembly ['LEXUS', 'ES350', '2007-2009']",11639001,LEXUS,"[{""address"":""Acura Almulla, Car Dealer Rd, Kuwait"",""location"":""https://maps.app.goo.gl/J3oPuFs33svZGpK89""}]",images/LEXUS/LEXUS___ES350___3.5L_V6___Tail_Lamp_Assembly___11639001___42813.jpg,,31,0,0,,,0,0,none,0,0,1,,Left,,,,,,,0,,0,,,0,,,14/08/2024,1,1,Tail Lamp Assembly,,,,Accepted,500,,LEXUS,2009,ES350,https://www.rockauto.com/info/41/11-6390-01_1WM__ra_m.jpg
16,"3.5L V6 Body & Lamp Assembly ['LEXUS', 'ES350', '2007-2012', 'TOYOTA', 'CAMRY', '2007-2011']",123431,LEXUS,"[{""address"":""Acura Almulla, Car Dealer Rd, Kuwait"",""location"":""https://maps.app.goo.gl/J3oPuFs33svZGpK89""}]",images/LEXUS/LEXUS___ES350___3.5L_V6___Trailer_Hitch___123431___27203.jpg,,131,0,0,,,0,0,none,0,0,1,,Rear,,,,,,,0,,0,,,0,,,14/08/2024,1,1,Trailer Hitch,,,,Accepted,500,,LEXUS,2009,ES350,https://www.rockauto.com/info/228/123431_a__ra_m.jpg
16,"3.5L V6 Body & Lamp Assembly ['ACURA', '1991-2018', 'AUDI', '1980-2020', 'BMW', '1978-2020', 'BUICK', '1971-2020', 'CADILLAC', '1993-2020', 'CHEVROLET', '1975-2020', 'CHRYSLER', '1986-2019', 'DAEWOO', '2000', 'DAIHATSU', '1992', 'DODGE', '1985-2019', 'EAGLE', '1990-1996', 'FIAT', '2012-2014', 'FORD', '1980-2020', 'GENESIS', '2019', 'GEO', '1990-1995', 'GMC', '1984-2014', 'HONDA', '1985-2019', 'HYUNDAI', '1989-2019', 'INFINITI', '1990-2019', 'ISUZU', '1988-1999', 'JAGUAR', '1977-2008', 'JEEP', '1987-2019', 'KIA', '1996-2020', 'LEXUS', '1990-2020', 'LINCOLN', '1981-2019', 'MAZDA', '1984-2017', 'MERCEDES-BENZ', '1974-2018', 'MERCURY', '1981-2011', 'MINI', '2007-2019', 'MITSUBISHI', '1986-2020', 'NISSAN', '1980-2020', 'OLDSMOBILE', '1978-2003', 'PEUGEOT', '1983-1987', 'PLYMOUTH', '1984-2000', 'PONTIAC', '1978-2010', 'PORSCHE', '1979-1998', 'RAM', '2015', 'SAAB', '1981-2010', 'SATURN', '1993-2010', 'SCION', '2006-2013', 'SMART', '2014-2015', 'SUBARU', '1985-2019', 'SUZUKI', '1986-2013', 'TESLA', '2019', 'TOYOTA', '1979-2019', 'VOLKSWAGEN', '1973-2019', 'VOLVO', '1975-2016']",45148,LEXUS,"[{""address"":""Acura Almulla, Car Dealer Rd, Kuwait"",""location"":""https://maps.app.goo.gl/J3oPuFs33svZGpK89""}]",images/LEXUS/LEXUS___ES350___3.5L_V6___Trailer_Hitch_Ball___Mount_Kit___45148___51487.jpg,,21,0,0,,,0,0,none,0,0,1,,,,,,,,,0,,0,,,0,,,14/08/2024,1,1,Trailer Hitch Ball & Mount Kit,,,,Accepted,500,,LEXUS,2009,ES350,https://www.rockauto.com/info/228/45148_3008x1990_a__ra_m.jpg
16,"3.5L V6 Body & Lamp Assembly ['LEXUS', 'ES300H', '2013-2018', 'LEXUS', 'ES350', '2007-2018', 'LEXUS', 'HS250H', '2010-2012', 'LEXUS', 'LC500', '2018', 'LEXUS', 'LC500H', '2018', 'TOYOTA', 'AVALON', '2013-2018', 'TOYOTA', 'CAMRY', '2007-2017', 'TOYOTA', 'SEQUOIA', '2008-2018', 'TOYOTA', 'TACOMA', '2016-2018', 'TOYOTA', 'TUNDRA', '2007-2018']",963513,LEXUS,"[{""address"":""Acura Almulla, Car Dealer Rd, Kuwait"",""location"":""https://maps.app.goo.gl/J3oPuFs33svZGpK89""}]",images/LEXUS/LEXUS___ES350___3.5L_V6___Trim_Retainer___Clip___963513___98901.jpg,,1,0,0,,,0,0,none,0,0,1,,,,,,,,,0,,0,,,0,,,14/08/2024,1,1,Trim Retainer / Clip,,,,Accepted,500,,LEXUS,2009,ES350,https://www.rockauto.com/info/42/963-513D-007__ra_m.jpg
16,"3.5L V6 Body & Lamp Assembly ['CHEVROLET', 'METRO', '1992-2001', 'CHEVROLET', 'PRIZM', '1998-2002', 'CHEVROLET', 'SPRINT', '1985-1991', 'CHEVROLET', 'TRACKER', '1989-2004', 'GEO', 'METRO', '1989-1997', 'GEO', 'PRIZM', '1993-1997', 'GEO', 'TRACKER', '1989-1997', 'GMC', 'TRACKER', '1989-1991', 'LEXUS', 'CT200H', '2011-2017', 'LEXUS', 'ES300H', '2013-2017', 'LEXUS', 'ES350', '2007-2017', 'LEXUS', 'GS F', '2016-2017', 'LEXUS', 'GS200T', '2016', 'LEXUS', 'GS300', '2005-2006', 'LEXUS', 'GS350', '2007-2017', 'LEXUS', 'GS430', '2005-2007', 'LEXUS', 'GS450H', '2007-2017', 'LEXUS', 'GS460', '2008-2011', 'LEXUS', 'GX460', '2010-2021', 'LEXUS', 'GX470', '2003-2009', 'LEXUS', 'HS250H', '2010-2012', 'LEXUS', 'IS F', '2008-2014', 'LEXUS', 'IS200T', '2016-2017', 'LEXUS', 'IS250', '2006-2013', 'LEXUS', 'IS300', '2016-2020', 'LEXUS', 'IS350', '2006-2013', 'LEXUS', 'LS430', '2001-2006', 'LEXUS', 'LS460', '2007-2017', 'LEXUS', 'LS600H', '2008-2016', 'LEXUS', 'LX450', '1996-1997', 'LEXUS', 'LX470', '1998-2007', 'LEXUS', 'LX570', '2008-2021', 'LEXUS', 'NX200T', '2015-2017', 'LEXUS', 'NX300H', '2015-2017', 'LEXUS', 'RX300', '1999-2003', 'LEXUS', 'RX350', '2010-2015', 'LEXUS', 'RX450H', '2010-2015', 'PONTIAC', 'VIBE', '2003-2008', 'SCION', 'IQ', '2012-2015', 'SCION', 'XB', '2004-2015', 'SCION', 'XD', '2008-2014', 'TOYOTA', '4RUNNER', '2003-2022', 'TOYOTA', 'AVANZA', '2007-2016', 'TOYOTA', 'CAMRY', '1997-2011', 'TOYOTA', 'CELICA', '2000-2005', 'TOYOTA', 'COROLLA', '2003-2013', 'TOYOTA', 'ECHO', '2000-2005', 'TOYOTA', 'FJ CRUISER', '2007-2014', 'TOYOTA', 'HIACE', '2006-2014', 'TOYOTA', 'HIGHLANDER', '2001-2014', 'TOYOTA', 'LAND CRUISER', '1995-2021', 'TOYOTA', 'MATRIX', '2003-2008', 'TOYOTA', 'MIRAI', '2016-2020', 'TOYOTA', 'MR2 SPYDER', '2000-2006', 'TOYOTA', 'PRIUS', '2001-2017', 'TOYOTA', 'PRIUS C', '2012-2017', 'TOYOTA', 'PRIUS PLUG-IN', '2013-2015', 'TOYOTA', 'PRIUS V', '2012-2017', 'TOYOTA', 'RAV4', '1996-2018', 'TOYOTA', 'SEQUOIA', '2001-2017', 'TOYOTA', 'SIENNA', '1998-2010', 'TOYOTA', 'TACOMA', '2001-2016', 'TOYOTA', 'YARIS', '2012-2015']",963529,LEXUS,"[{""address"":""Acura Almulla, Car Dealer Rd, Kuwait"",""location"":""https://maps.app.goo.gl/J3oPuFs33svZGpK89""}]",images/LEXUS/LEXUS___ES350___3.5L_V6___Trim_Retainer___Clip___963529___62237.jpg,,1,0,0,,,0,0,none,0,0,1,,Front,,,,,,,0,,0,,,0,,,14/08/2024,1,1,Trim Retainer / Clip,,,,Accepted,500,,LEXUS,2009,ES350,https://www.rockauto.com/info/42/700-318-B-007__ra_m.jpg
16,"3.5L V6 Body & Lamp Assembly ['LEXUS', 'ES350', '2007-2012']",LX1800102,LEXUS,"[{""address"":""Acura Almulla, Car Dealer Rd, Kuwait"",""location"":""https://maps.app.goo.gl/J3oPuFs33svZGpK89""}]",images/LEXUS/LEXUS___ES350___3.5L_V6___Trunk___Deck_Lid___LX1800102___84264.jpg,,Out of Stock,0,0,,,0,0,none,0,0,1,,Rear,,,,,,,0,,0,,,0,,,14/08/2024,1,1,Trunk / Deck Lid,,,,Accepted,500,,LEXUS,2009,ES350,https://www.rockauto.com/info/69/LX1800102OE__ra_m.jpg
16,"3.5L V6 Body & Lamp Assembly ['LEXUS', 'ES350', '2007-2012']",SM1607,LEXUS,"[{""address"":""Acura Almulla, Car Dealer Rd, Kuwait"",""location"":""https://maps.app.goo.gl/J3oPuFs33svZGpK89""}]",images/LEXUS/LEXUS___ES350___3.5L_V6___Trunk_Lock_Actuator___SM1607___46898.jpg,,62,0,0,,,0,0,none,0,0,1,,,,,,,,,0,,0,,,0,,,14/08/2024,1,1,Trunk Lock Actuator,,,,Accepted,500,,LEXUS,2009,ES350,https://www.rockauto.com/info/172/172_SM1607_1__ra_m.jpg
16,"3.5L V6 Body & Lamp Assembly ['LEXUS', 'ES350', '2007-2012']",WKTF2685,LEXUS,"[{""address"":""Acura Almulla, Car Dealer Rd, Kuwait"",""location"":""https://maps.app.goo.gl/J3oPuFs33svZGpK89""}]",images/LEXUS/LEXUS___ES350___3.5L_V6___Windshield_Molding___Seal___WKTF2685___89238.jpg,,20,0,0,,,0,0,none,0,0,1,,,,,,,,,0,,0,,,0,,,14/08/2024,1,1,Windshield Molding / Seal,,,,Accepted,500,,LEXUS,2009,ES350,https://www.rockauto.com/info/1143/WKT_F2685-1__ra_m.jpg
16,"3.5L V6 Brake & Wheel Hub ['LEXUS', 'ES350', '2007-2012', 'TOYOTA', 'CAMRY', '2007-2011']",0844823,LEXUS,"[{""address"":""Acura Almulla, Car Dealer Rd, Kuwait"",""location"":""https://maps.app.goo.gl/J3oPuFs33svZGpK89""}]",images/LEXUS/LEXUS___ES350___3.5L_V6___ABS_Wheel_Speed_Sensor___0844823___11992.jpg,,69,0,0,,,0,0,Standard Replacement ,0,0,1,,Front Left,,,,,,,0,,0,,,0,,,14/08/2024,1,1,ABS Wheel Speed Sensor,,,,Accepted,500,,LEXUS,2009,ES350,https://www.rockauto.com/info/31/BA0844823-1__ra_m.jpg
16,"3.5L V6 Brake & Wheel Hub ['LEXUS', 'ES350', '2007-2012', 'TOYOTA', 'CAMRY', '2006-2011']",AB2108,LEXUS,"[{""address"":""Acura Almulla, Car Dealer Rd, Kuwait"",""location"":""https://maps.app.goo.gl/J3oPuFs33svZGpK89""}]",images/LEXUS/LEXUS___ES350___3.5L_V6___ABS_Wheel_Speed_Sensor___AB2108___44162.jpg,,144,0,0,,,0,0,Standard Replacement ,0,0,1,,Front Right,,,,,,,0,,0,,,0,,,14/08/2024,1,1,ABS Wheel Speed Sensor,,,,Accepted,500,,LEXUS,2009,ES350,https://www.rockauto.com/info/182/NTKAB2108__ra_m.jpg
16,"3.5L V6 Brake & Wheel Hub ['', '', '', '', '', '']",V70720035,LEXUS,"[{""address"":""Acura Almulla, Car Dealer Rd, Kuwait"",""location"":""https://maps.app.goo.gl/J3oPuFs33svZGpK89""}]",images/LEXUS/LEXUS___ES350___3.5L_V6___ABS_Wheel_Speed_Sensor___V70720035___14699.jpg,,34,0,0,,,0,0,Economy ,0,0,1,,,,,,,,,0,,0,,,0,,,14/08/2024,1,1,ABS Wheel Speed Sensor,,,,Accepted,500,,LEXUS,2009,ES350,https://www.rockauto.com/info/1092/V70-72-0035_02__ra_m.jpg
16,"3.5L V6 Brake & Wheel Hub ['LEXUS', 'ES300', '2001-2003', 'LEXUS', 'ES330', '2004-2006', 'LEXUS', 'ES350', '2007-2011', 'TOYOTA', 'AVALON', '2005-2011', 'TOYOTA', 'CAMRY', '2002-2011', 'TOYOTA', 'HIGHLANDER', '2001-2003', 'TOYOTA', 'SOLARA', '2004-2008']",AB1672,LEXUS,"[{""address"":""Acura Almulla, Car Dealer Rd, Kuwait"",""location"":""https://maps.app.goo.gl/J3oPuFs33svZGpK89""}]",images/LEXUS/LEXUS___ES350___3.5L_V6___ABS_Wheel_Speed_Sensor___AB1672___43225.jpg,,54,0,0,,,0,0,Standard Replacement ,0,0,1,,Rear,,,,,,,0,,0,,,0,,,14/08/2024,1,1,ABS Wheel Speed Sensor,,,,Accepted,500,,LEXUS,2009,ES350,https://www.rockauto.com/info/182/NTKAB1672__ra_m.jpg
16,"3.5L V6 Brake & Wheel Hub ['ACURA', '1996-1999', 'BMW', '1968-2005', 'CADILLAC', '2010-2014', 'CHRYSLER', '1995-2013', 'DAIHATSU', '1991', 'DODGE', '1985-2014', 'EAGLE', '1990-1996', 'FIAT', '2012-2014', 'FORD', '1979-1997', 'GEO', '1990-1995', 'HONDA', '1994-2001', 'INFINITI', '2003-2022', 'ISUZU', '1983-1997', 'JEEP', '2007-2015', 'LEXUS', '1990-2024', 'MAZDA', '1972-2004', 'MERCEDES-BENZ', '1999-2000', 'MERCURY', '1989-1996', 'MITSUBISHI', '1987-2023', 'NISSAN', '2000-2022', 'PLYMOUTH', '1985-1993', 'PONTIAC', '2010', 'SAAB', '2005', 'SATURN', '2003-2005', 'SCION', '2006-2013', 'SUBARU', '1998-2004', 'SUZUKI', '2012', 'TOYOTA', '1981-2023', 'VOLKSWAGEN', '1980-1984']",9411K,LEXUS,"[{""address"":""Acura Almulla, Car Dealer Rd, Kuwait"",""location"":""https://maps.app.goo.gl/J3oPuFs33svZGpK89""}]",images/LEXUS/LEXUS___ES350___3.5L_V6___Brake_Bleeder_Screw___9411K___88696.jpg,,3,0,0,,,0,0,none,0,0,1,,,,,,,,,0,,0,,,0,,,14/08/2024,1,1,Brake Bleeder Screw,,,,Accepted,500,,LEXUS,2009,ES350,https://www.rockauto.com/info/625/9411K__ra_m.jpg
16,"3.5L V6 Brake & Wheel Hub ['ACURA', '1991-2022', 'ALFA ROMEO', '1983-1995', 'BUICK', '1980-2020', 'CADILLAC', '1980-2021', 'CHEVROLET', '1980-2021', 'CHRYSLER', '1980-2023', 'DAEWOO', '1999-2001', 'DAIHATSU', '1991-1992', 'DODGE', '1980-2023', 'EAGLE', '1988-1996', 'FIAT', '1980-2020', 'FORD', '1980-2013', 'GENESIS', '2018-2021', 'GEO', '1989-1995', 'GMC', '1980-2021', 'HONDA', '1980-2023', 'HUMMER', '2004-2005', 'HYUNDAI', '1986-2021', 'INFINITI', '1990-2022', 'INTERNATIONAL', '1980', 'ISUZU', '1983-2008', 'JEEP', '1992-2024', 'KIA', '1995-2021', 'LEXUS', '1990-2024', 'LINCOLN', '1980-2013', 'MAZDA', '1980-2024', 'MERCURY', '1980-2011', 'MITSUBISHI', '1983-2022', 'NISSAN', '1980-2023', 'OLDSMOBILE', '1980-2003', 'PEUGEOT', '1984-1991', 'PLYMOUTH', '1980-2000', 'PONTIAC', '1980-2010', 'RAM', '2011-2022', 'RENAULT', '1981-1984', 'SAAB', '2008', 'SATURN', '1993-2010', 'SCION', '2006-2013', 'SUBARU', '1980-2022', 'SUZUKI', '1986-2013', 'TOYOTA', '1980-2023', 'YUGO', '1988-1990']",AS402Y,LEXUS,"[{""address"":""Acura Almulla, Car Dealer Rd, Kuwait"",""location"":""https://maps.app.goo.gl/J3oPuFs33svZGpK89""}]",images/LEXUS/LEXUS___ES350___3.5L_V6___Brake_Fluid___AS402Y___71584.jpg,,16,0,0,,,0,0,DOT 3 ,0,0,1,,,,,,,,,0,,0,,,0,,,14/08/2024,1,1,Brake Fluid,,,,Accepted,500,,LEXUS,2009,ES350,https://www.rockauto.com/info/692/AS402Y_P04_FRO__ra_m.jpg
16,"3.5L V6 Brake & Wheel Hub ['LEXUS', 'ES350', '2007-2012', 'TOYOTA', 'AVALON', '2006-2012', 'TOYOTA', 'CAMRY', '2007-2011', 'TOYOTA', 'SOLARA', '2005-2008']",15044427,LEXUS,"[{""address"":""Acura Almulla, Car Dealer Rd, Kuwait"",""location"":""https://maps.app.goo.gl/J3oPuFs33svZGpK89""}]",images/LEXUS/LEXUS___ES350___3.5L_V6___Brake_Hose___15044427___13031.jpg,,9,0,0,,,0,0,Standard Replacement ,0,0,1,,Rear Right,,,,,,,0,,0,,,0,,,14/08/2024,1,1,Brake Hose,,,,Accepted,500,,LEXUS,2009,ES350,https://www.rockauto.com/info/142/150.44427_Top__ra_m.jpg
16,"3.5L V6 Brake & Wheel Hub ['LEXUS', 'ES350', '2007-2012', 'TOYOTA', 'AVALON', '2007-2012', 'TOYOTA', 'CAMRY', '2007-2011', 'TOYOTA', 'SOLARA', '2006-2008']",0731876,LEXUS,"[{""address"":""Acura Almulla, Car Dealer Rd, Kuwait"",""location"":""https://maps.app.goo.gl/J3oPuFs33svZGpK89""}]",images/LEXUS/LEXUS___ES350___3.5L_V6___Brake_Hose___0731876___61007.jpg,,10,0,0,,,0,0,Standard Replacement ,0,0,1,,Rear Left,,,,,,,0,,0,,,0,,,14/08/2024,1,1,Brake Hose,,,,Accepted,500,,LEXUS,2009,ES350,https://www.rockauto.com/info/31/BA0731876-1__ra_m.jpg
16,"3.5L V6 Brake & Wheel Hub ['LEXUS', 'ES350', '2007-2013', 'TOYOTA', 'CAMRY', '2007-2011']",H621062,LEXUS,"[{""address"":""Acura Almulla, Car Dealer Rd, Kuwait"",""location"":""https://maps.app.goo.gl/J3oPuFs33svZGpK89""}]",images/LEXUS/LEXUS___ES350___3.5L_V6___Brake_Hose___H621062___41335.jpg,,12,0,0,,,0,0,Economy ,0,0,1,,Front Right,,,,,,,0,,0,,,0,,,14/08/2024,1,1,Brake Hose,,,,Accepted,500,,LEXUS,2009,ES350,https://www.rockauto.com/info/42/H621062-003__ra_m.jpg
16,"3.5L V6 Brake & Wheel Hub ['LEXUS', 'ES350', '2007-2012', 'TOYOTA', 'CAMRY', '2007-2010']",15044136,LEXUS,"[{""address"":""Acura Almulla, Car Dealer Rd, Kuwait"",""location"":""https://maps.app.goo.gl/J3oPuFs33svZGpK89""}]",images/LEXUS/LEXUS___ES350___3.5L_V6___Brake_Hose___15044136___19367.jpg,,10,0,0,,,0,0,Standard Replacement ,0,0,1,,Front Left,,,,,,,0,,0,,,0,,,14/08/2024,1,1,Brake Hose,,,,Accepted,500,,LEXUS,2009,ES350,https://www.rockauto.com/info/142/150.44136_Top__ra_m.jpg
16,"3.5L V6 Brake & Wheel Hub ['ACURA', '2001-2003', 'BUICK', '1991-2013', 'CADILLAC', '1987-2010', 'CHEVROLET', '1976-2017', 'CHRYSLER', '1994-2008', 'DODGE', '1993-2012', 'FORD', '1987-2012', 'GEO', '1990-1995', 'GMC', '1990-2016', 'HONDA', '1991-2011', 'HYUNDAI', '1999-2007', 'ISUZU', '1993-2001', 'JEEP', '1991-2009', 'KIA', '2002-2010', 'LEXUS', '1999-2006', 'LINCOLN', '1996-2010', 'MAZDA', '1998-2013', 'MERCURY', '1995-2005', 'MITSUBISHI', '2001-2012', 'NISSAN', '1990-2016', 'OLDSMOBILE', '1987-2003', 'PLYMOUTH', '1996-2000', 'PONTIAC', '1988-2010', 'RAM', '2011', 'SATURN', '1998-2008', 'SUBARU', '2002-2012', 'SUZUKI', '2013', 'TOYOTA', '1989-2013', 'VOLKSWAGEN', '1999-2009']",18K2328,LEXUS,"[{""address"":""Acura Almulla, Car Dealer Rd, Kuwait"",""location"":""https://maps.app.goo.gl/J3oPuFs33svZGpK89""}]",images/LEXUS/LEXUS___ES350___3.5L_V6___Brake_Hose_Clip___18K2328___96200.jpg,,6,0,0,,,0,0,none,0,0,1,,,,,,,,,0,,0,,,0,,,14/08/2024,1,1,Brake Hose Clip,,,,Accepted,500,,LEXUS,2009,ES350,https://www.rockauto.com/info/314/19307901_Primary__ra_m.jpg
16,"3.5L V6 Brake & Wheel Hub ['ACURA', '1991-2011', 'AMERICAN MOTORS', '1959-1984', 'AUDI', '1974-2011', 'BMW', '1970-2011', 'BUICK', '1953-2011', 'CADILLAC', '1952-2010', 'CHEVROLET', '1946-2010', 'CHRYSLER', '1951-2010', 'DAEWOO', '2001', 'DAIHATSU', '1991-1992', 'DODGE', '1946-2010', 'EAGLE', '1988-1996', 'FIAT', '1968-1981', 'FORD', '1949-2011', 'FREIGHTLINER', '2002-2018', 'GEO', '1989-1995', 'GMC', '1954-2010', 'HONDA', '1976-2010', 'HUDSON', '1950-1955', 'HUMMER', '2004-2005', 'HYUNDAI', '1987-2011', 'INFINITI', '1990-2007', 'INTERNATIONAL', '1970-1980', 'ISUZU', '1983-2008', 'JAGUAR', '1994-2008', 'JEEP', '1946-2010', 'KIA', '1995-2010', 'LAND ROVER', '1993-2007', 'LEXUS', '1990-2010', 'LINCOLN', '1959-2011', 'MAZDA', '1972-2011', 'MERCEDES-BENZ', '1968-2011', 'MERCURY', '1948-2011', 'MINI', '2007-2008', 'MITSUBISHI', '1983-2011', 'NISSAN', '1968-2011', 'OLDSMOBILE', '1960-2003', 'OPEL', '1969-1972', 'PEUGEOT', '1976-1991', 'PLYMOUTH', '1951-2000', 'PONTIAC', '1947-2010', 'PORSCHE', '1973-2009', 'RENAULT', '1981-1987', 'SAAB', '1987-2005', 'SATURN', '1993-2010', 'SCION', '2006-2010', 'STUDEBAKER', '1950-1966', 'SUBARU', '1972-2010', 'SUZUKI', '1986-2006', 'TOYOTA', '1968-2011', 'VOLKSWAGEN', '1956-2014', 'VOLVO', '1967-2010', 'YUGO', '1988-1990']",HW1457,LEXUS,"[{""address"":""Acura Almulla, Car Dealer Rd, Kuwait"",""location"":""https://maps.app.goo.gl/J3oPuFs33svZGpK89""}]",images/LEXUS/LEXUS___ES350___3.5L_V6___Brake_Hose_Clip___HW1457___79321.jpg,,1,0,0,,,0,0,none,0,0,1,,Front,,,,,,,0,,0,,,0,,,14/08/2024,1,1,Brake Hose Clip,,,,Accepted,500,,LEXUS,2009,ES350,https://www.rockauto.com/info/42/H1457A-007__ra_m.jpg
16,"3.5L V6 Brake & Wheel Hub ['LEXUS', 'ES300H', '2013-2018', 'LEXUS', 'ES350', '2007-2018', 'LEXUS', 'HS250H', '2010-2012', 'PONTIAC', 'VIBE', '2009-2010', 'TOYOTA', 'AVALON', '2007-2018', 'TOYOTA', 'CAMRY', '2007-2023', 'TOYOTA', 'MATRIX', '2009-2013', 'TOYOTA', 'RAV4', '2006-2018']",ACT1212A,LEXUS,"[{""address"":""Acura Almulla, Car Dealer Rd, Kuwait"",""location"":""https://maps.app.goo.gl/J3oPuFs33svZGpK89""}]",images/LEXUS/LEXUS___ES350___3.5L_V6___Brake_Pad___ACT1212A___99683.jpg,,30,0,0,,,0,0,Premium ,0,0,1,,Rear,,,,,,,0,,0,,,0,,,14/08/2024,1,1,Brake Pad,,,,Accepted,500,,LEXUS,2009,ES350,https://www.rockauto.com/info/40/ACT1212A__ra_m.jpg
16,"3.5L V6 Brake & Wheel Hub ['LEXUS', 'ES300H', '2013-2018', 'LEXUS', 'ES350', '2007-2018', 'TOYOTA', 'AVALON', '2008-2018', 'TOYOTA', 'CAMRY', '2007-2017']",Z231293,LEXUS,"[{""address"":""Acura Almulla, Car Dealer Rd, Kuwait"",""location"":""https://maps.app.goo.gl/J3oPuFs33svZGpK89""}]",images/LEXUS/LEXUS___ES350___3.5L_V6___Brake_Pad___Z231293___24090.jpg,,34,0,0,,,0,0,Premium ,0,0,1,,Front,,,,,,,0,,0,,,0,,,14/08/2024,1,1,Brake Pad,,,,Accepted,500,,LEXUS,2009,ES350,https://www.rockauto.com/info/568/Z23-1293__ra_m.jpg
16,"3.5L V6 Brake & Wheel Hub ['LEXUS', 'ES300H', '2013-2018', 'LEXUS', 'ES350', '2007-2018', 'TOYOTA', 'AVALON', '2008-2018', 'TOYOTA', 'CAMRY', '2007-2017']",355012401,LEXUS,"[{""address"":""Acura Almulla, Car Dealer Rd, Kuwait"",""location"":""https://maps.app.goo.gl/J3oPuFs33svZGpK89""}]",images/LEXUS/LEXUS___ES350___3.5L_V6___Brake_Pad___355012401___26143.jpg,,33,0,0,,,0,0,Daily Driver ,0,0,1,,,,,,,,,0,,0,,,0,,,14/08/2024,1,1,Brake Pad,,,,Accepted,500,,LEXUS,2009,ES350,https://www.rockauto.com/info/978/355012401.MAIN__ra_m.jpg
16,"3.5L V6 Brake & Wheel Hub ['LEXUS', 'ES300', '2000-2003', 'LEXUS', 'ES330', '2004-2006', 'LEXUS', 'ES350', '2007-2009', 'LEXUS', 'RX350', '2010', 'LEXUS', 'RX450H', '2010', 'PONTIAC', 'VIBE', '2009-2010', 'SCION', 'TC', '2005-2009', 'TOYOTA', 'AVALON', '2006-2010', 'TOYOTA', 'CAMRY', '2000-2011', 'TOYOTA', 'RAV4', '2006-2010', 'TOYOTA', 'SIENNA', '2004-2010', 'TOYOTA', 'SOLARA', '2004-2008', 'TOYOTA', 'TACOMA', '2005-2010']",18K2285,LEXUS,"[{""address"":""Acura Almulla, Car Dealer Rd, Kuwait"",""location"":""https://maps.app.goo.gl/J3oPuFs33svZGpK89""}]",images/LEXUS/LEXUS___ES350___3.5L_V6___Brake_Pad_Retaining_Clip___18K2285___32269.jpg,,3,0,0,,,0,0,none,0,0,1,,Rear,,,,,,,0,,0,,,0,,,14/08/2024,1,1,Brake Pad Retaining Clip,,,,Accepted,500,,LEXUS,2009,ES350,https://www.rockauto.com/info/314/19297077_Primary__ra_m.jpg
16,"3.5L V6 Brake & Wheel Hub ['LEXUS', 'ES350', '2007-2012', 'TOYOTA', 'AVALON', '2008-2012', 'TOYOTA', 'CAMRY', '2007-2011']",18FR2599N,LEXUS,"[{""address"":""Acura Almulla, Car Dealer Rd, Kuwait"",""location"":""https://maps.app.goo.gl/J3oPuFs33svZGpK89""}]",images/LEXUS/LEXUS___ES350___3.5L_V6___Caliper___18FR2599N___60140.jpg,,62,0,0,,,0,0,New ,0,0,1,,Rear Right,,,,,,,0,,0,,,0,,,14/08/2024,1,1,Caliper,,,,Accepted,500,,LEXUS,2009,ES350,https://www.rockauto.com/info/314/19362890_Primary__ra_m.jpg
16,"3.5L V6 Brake & Wheel Hub ['LEXUS', 'ES350', '2007-2012', 'TOYOTA', 'AVALON', '2008-2012', 'TOYOTA', 'CAMRY', '2007-2011']",18FR2600N,LEXUS,"[{""address"":""Acura Almulla, Car Dealer Rd, Kuwait"",""location"":""https://maps.app.goo.gl/J3oPuFs33svZGpK89""}]",images/LEXUS/LEXUS___ES350___3.5L_V6___Caliper___18FR2600N___82472.jpg,,62,0,0,,,0,0,New ,0,0,1,,Rear Left,,,,,,,0,,0,,,0,,,14/08/2024,1,1,Caliper,,,,Accepted,500,,LEXUS,2009,ES350,https://www.rockauto.com/info/314/19362891_Primary__ra_m.jpg
16,"3.5L V6 Brake & Wheel Hub ['LEXUS', 'ES350', '2007-2018', 'TOYOTA', 'AVALON', '2008-2018', 'TOYOTA', 'CAMRY', '2007-2017']",2C3128,LEXUS,"[{""address"":""Acura Almulla, Car Dealer Rd, Kuwait"",""location"":""https://maps.app.goo.gl/J3oPuFs33svZGpK89""}]",images/LEXUS/LEXUS___ES350___3.5L_V6___Caliper___2C3128___63541.jpg,,68,0,0,,,0,0,New ,0,0,1,,Front Left,,,,,,,0,,0,,,0,,,14/08/2024,1,1,Caliper,,,,Accepted,500,,LEXUS,2009,ES350,https://www.rockauto.com/info/111/2C3128-BAC__ra_m.jpg
16,"3.5L V6 Brake & Wheel Hub ['LEXUS', 'ES350', '2007-2012', 'TOYOTA', 'CAMRY', '2007-2011']",RC11936C,LEXUS,"[{""address"":""Acura Almulla, Car Dealer Rd, Kuwait"",""location"":""https://maps.app.goo.gl/J3oPuFs33svZGpK89""}]",images/LEXUS/LEXUS___ES350___3.5L_V6___Caliper___RC11936C___70992.jpg,,48,0,0,,,0,0,Remanufactured ,0,0,1,,Front Right,,,,,,,0,,0,,,0,,,14/08/2024,1,1,Caliper,,,,Accepted,500,,LEXUS,2009,ES350,https://www.rockauto.com/info/27/RC11936C_FRO__ra_m.jpg
16,"3.5L V6 Brake & Wheel Hub ['', '', '', '', '', '']",S3128,LEXUS,"[{""address"":""Acura Almulla, Car Dealer Rd, Kuwait"",""location"":""https://maps.app.goo.gl/J3oPuFs33svZGpK89""}]",images/LEXUS/LEXUS___ES350___3.5L_V6___Caliper___S3128___3695.jpg,,41,0,0,,,0,0,Remanufactured ,0,0,1,,Front,,,,,,,0,,0,,,0,,,14/08/2024,1,1,Caliper,,,,Accepted,500,,LEXUS,2009,ES350,https://www.rockauto.com/info/568/S3128__ra_m.jpg
16,"3.5L V6 Brake & Wheel Hub ['LEXUS', 'ES350', '2007-2012', 'TOYOTA', 'AVALON', '2008-2011', 'TOYOTA', 'CAMRY', '2007-2011']",S3130,LEXUS,"[{""address"":""Acura Almulla, Car Dealer Rd, Kuwait"",""location"":""https://maps.app.goo.gl/J3oPuFs33svZGpK89""}]",images/LEXUS/LEXUS___ES350___3.5L_V6___Caliper___S3130___1087.jpg,,51,0,0,,,0,0,Remanufactured ,0,0,1,,Rear,,,,,,,0,,0,,,0,,,14/08/2024,1,1,Caliper,,,,Accepted,500,,LEXUS,2009,ES350,https://www.rockauto.com/info/568/S3130__ra_m.jpg
16,"3.5L V6 Brake & Wheel Hub ['LEXUS', 'ES350', '2007-2012', 'PONTIAC', 'VIBE', '2009-2010', 'TOYOTA', 'AVALON', '2008-2011', 'TOYOTA', 'CAMRY', '2007-2011', 'TOYOTA', 'MATRIX', '2009-2013']",141385,LEXUS,"[{""address"":""Acura Almulla, Car Dealer Rd, Kuwait"",""location"":""https://maps.app.goo.gl/J3oPuFs33svZGpK89""}]",images/LEXUS/LEXUS___ES350___3.5L_V6___Caliper_Bracket___141385___91875.jpg,,15,0,0,,,0,0,none,0,0,1,,Rear Left,,,,,,,0,,0,,,0,,,14/08/2024,1,1,Caliper Bracket,,,,Accepted,500,,LEXUS,2009,ES350,https://www.rockauto.com/info/1/141385-ANG__ra_m.jpg
16,"3.5L V6 Brake & Wheel Hub ['LEXUS', 'ES350', '2007-2012', 'PONTIAC', 'VIBE', '2009-2010', 'TOYOTA', 'AVALON', '2008-2011', 'TOYOTA', 'CAMRY', '2007-2011', 'TOYOTA', 'MATRIX', '2009-2013']",141386,LEXUS,"[{""address"":""Acura Almulla, Car Dealer Rd, Kuwait"",""location"":""https://maps.app.goo.gl/J3oPuFs33svZGpK89""}]",images/LEXUS/LEXUS___ES350___3.5L_V6___Caliper_Bracket___141386___70530.jpg,,15,0,0,,,0,0,none,0,0,1,,Rear Right,,,,,,,0,,0,,,0,,,14/08/2024,1,1,Caliper Bracket,,,,Accepted,500,,LEXUS,2009,ES350,https://www.rockauto.com/info/1/141386-ANG__ra_m.jpg
16,"3.5L V6 Brake & Wheel Hub ['FIAT', '500L', '2014-2020', 'HONDA', 'CIVIC', '2016-2020', 'HONDA', 'INSIGHT', '2019-2020', 'HONDA', 'ODYSSEY', '2005-2021', 'HONDA', 'PASSPORT', '2019-2020', 'HONDA', 'PILOT', '2009-2021', 'HONDA', 'RIDGELINE', '2018-2020', 'LEXUS', 'ES300', '1992-2000', 'LEXUS', 'ES300H', '2013-2023', 'LEXUS', 'ES330', '2004-2006', 'LEXUS', 'ES350', '2007-2012', 'LEXUS', 'HS250H', '2010-2012', 'LEXUS', 'NX200T', '2015-2016', 'LEXUS', 'NX300', '2018-2021', 'LEXUS', 'NX300H', '2015-2021', 'LEXUS', 'RX300', '1999-2002', 'LEXUS', 'RX330', '2004-2006', 'LEXUS', 'RX350', '2007-2022', 'LEXUS', 'RX400H', '2006-2007', 'LEXUS', 'RX450H', '2010-2022', 'LEXUS', 'UX250H', '2019-2022', 'MAZDA', '2', '2011-2013', 'MAZDA', '3', '2006-2013', 'MAZDA', '5', '2008-2015', 'MAZDA', '6', '2009-2013', 'MAZDA', 'MX-5 MIATA', '2006-2023', 'MAZDA', 'RX-8', '2004-2011', 'RAM', 'PROMASTER CITY', '2015-2022', 'SCION', 'IQ', '2012-2015', 'SCION', 'TC', '2005-2015', 'SCION', 'XB', '2008-2015', 'SCION', 'XD', '2008-2013', 'SUBARU', 'B9 TRIBECA', '2007', 'SUBARU', 'BAJA', '2003', 'SUBARU', 'BRZ', '2013-2018', 'SUBARU', 'CROSSTREK', '2016', 'SUBARU', 'FORESTER', '1998-2018', 'SUBARU', 'IMPREZA', '1993-2016', 'SUBARU', 'IMPREZA R', '2009-2012', 'SUBARU', 'IMPREZA SPORT', '2008-2011', 'SUBARU', 'LEGACY', '1991-2016', 'SUBARU', 'OUTBACK', '2005-2016', 'SUBARU', 'SVX', '1993-1997', 'SUBARU', 'TRIBECA', '2008-2012', 'SUBARU', 'WRX', '2015-2019', 'SUBARU', 'WRX STI', '2016-2017', 'SUBARU', 'XV CROSSTREK', '2013-2015', 'TOYOTA', 'BZ4X', '2023', 'TOYOTA', 'C-HR', '2018-2021', 'TOYOTA', 'CAMRY', '1992-2023', 'TOYOTA', 'CELICA', '2000-2005', 'TOYOTA', 'COROLLA', '2002-2023', 'TOYOTA', 'COROLLA CROSS', '2022', 'TOYOTA', 'HIGHLANDER', '2001-2014', 'TOYOTA', 'MATRIX', '2008-2014', 'TOYOTA', 'MIRAI', '2016-2020', 'TOYOTA', 'MR2 SPYDER', '2000-2005', 'TOYOTA', 'PRIUS', '2002-2023', 'TOYOTA', 'PRIUS C', '2012-2021', 'TOYOTA', 'PRIUS PRIME', '2017-2022', 'TOYOTA', 'PRIUS V', '2012-2018', 'TOYOTA', 'RAV4', '2000-2023', 'TOYOTA', 'SIENNA', '1998-2020', 'TOYOTA', 'SOLARA', '2003-2008', 'TOYOTA', 'VENZA', '2009-2015', 'TOYOTA', 'YARIS', '2006-2023']",14020,LEXUS,"[{""address"":""Acura Almulla, Car Dealer Rd, Kuwait"",""location"":""https://maps.app.goo.gl/J3oPuFs33svZGpK89""}]",images/LEXUS/LEXUS___ES350___3.5L_V6___Caliper_Bracket_Bolt___14020___35165.jpg,,6,0,0,,,0,0,none,0,0,1,,Front,,,,,,,0,,0,,,0,,,14/08/2024,1,1,Caliper Bracket Bolt,,,,Accepted,500,,LEXUS,2009,ES350,https://www.rockauto.com/info/42/14020-007__ra_m.jpg
16,"3.5L V6 Brake & Wheel Hub ['ACURA', '1991-2016', 'ALFA ROMEO', '2018', 'BUICK', '2005-2013', 'CADILLAC', '2010-2016', 'CHEVROLET', '2002-2017', 'CHRYSLER', '2003-2016', 'DODGE', '2009-2016', 'FORD', '1993-2012', 'FREIGHTLINER', '2007-2015', 'GMC', '2004-2016', 'HONDA', '1986-2017', 'HYUNDAI', '1994-2017', 'INFINITI', '1992-2017', 'ISUZU', '2004-2008', 'JAGUAR', '2000-2008', 'KIA', '2004-2016', 'LEXUS', '1992-2017', 'LINCOLN', '1993-2008', 'MAZDA', '2005-2017', 'MERCEDES-BENZ', '2010-2014', 'MERCURY', '1996-2010', 'MITSUBISHI', '2014', 'NISSAN', '1984-2017', 'OLDSMOBILE', '2002', 'PONTIAC', '2007-2010', 'RAM', '2013-2015', 'SAAB', '2005-2008', 'SATURN', '2007-2010', 'SCION', '2008-2013', 'SUBARU', '1999-2015', 'SUZUKI', '2005-2013', 'TOYOTA', '1995-2017', 'VOLKSWAGEN', '2010-2016']",18K2268,LEXUS,"[{""address"":""Acura Almulla, Car Dealer Rd, Kuwait"",""location"":""https://maps.app.goo.gl/J3oPuFs33svZGpK89""}]",images/LEXUS/LEXUS___ES350___3.5L_V6___Caliper_Low_Frequency_Noise_Damper___18K2268___91792.jpg,,14,0,0,,,0,0,none,0,0,1,,Rear,,,,,,,0,,0,,,0,,,14/08/2024,1,1,Caliper Low Frequency Noise Damper,,,,Accepted,500,,LEXUS,2009,ES350,https://www.rockauto.com/info/314/19294289_Primary__ra_m.jpg
16,"3.5L V6 Brake & Wheel Hub ['LEXUS', 'ES300H', '2013-2018', 'LEXUS', 'ES350', '2007-2018', 'LEXUS', 'HS250H', '2010-2012', 'TOYOTA', 'AVALON', '2008-2014', 'TOYOTA', 'CAMRY', '1994-2017', 'TOYOTA', 'MATRIX', '2009-2013', 'TOYOTA', 'RAV4', '2006-2015']",8111,LEXUS,"[{""address"":""Acura Almulla, Car Dealer Rd, Kuwait"",""location"":""https://maps.app.goo.gl/J3oPuFs33svZGpK89""}]",images/LEXUS/LEXUS___ES350___3.5L_V6___Caliper_Piston___8111___2185.jpg,,7,0,0,,,0,0,none,0,0,1,,Rear,,,,,,,0,,0,,,0,,,14/08/2024,1,1,Caliper Piston,,,,Accepted,500,,LEXUS,2009,ES350,https://www.rockauto.com/info/625/8111__ra_m.jpg
16,"3.5L V6 Brake & Wheel Hub ['LEXUS', 'ES350', '2007-2011', 'TOYOTA', 'AVALON', '2008-2018', 'TOYOTA', 'CAMRY', '2007-2017', 'TOYOTA', 'HIGHLANDER', '2001-2007']",7979,LEXUS,"[{""address"":""Acura Almulla, Car Dealer Rd, Kuwait"",""location"":""https://maps.app.goo.gl/J3oPuFs33svZGpK89""}]",images/LEXUS/LEXUS___ES350___3.5L_V6___Caliper_Piston___7979___32896.jpg,,9,0,0,,,0,0,none,0,0,1,,Front,,,,,,,0,,0,,,0,,,14/08/2024,1,1,Caliper Piston,,,,Accepted,500,,LEXUS,2009,ES350,https://www.rockauto.com/info/625/7979__ra_m.jpg
16,"3.5L V6 Brake & Wheel Hub ['LEXUS', 'ES350', '2007-2011', 'SCION', 'TC', '2011-2012', 'TOYOTA', 'CAMRY', '2007-2011', 'TOYOTA', 'RAV4', '2006-2012']",763705,LEXUS,"[{""address"":""Acura Almulla, Car Dealer Rd, Kuwait"",""location"":""https://maps.app.goo.gl/J3oPuFs33svZGpK89""}]",images/LEXUS/LEXUS___ES350___3.5L_V6___Caliper_Repair_Kit___763705___79797.jpg,,24,0,0,,,0,0,"Complete Kit - Pistons, Seals, Dust Boots, Guide Pins, Bleeder Screws & Grease ",0,0,1,,Front,,,,,,,0,,0,,,0,,,14/08/2024,1,1,Caliper Repair Kit,,,,Accepted,500,,LEXUS,2009,ES350,https://www.rockauto.com/info/1144/S63533__ra_m.jpg
16,"3.5L V6 Brake & Wheel Hub ['LEXUS', 'ES300', '2002-2003', 'LEXUS', 'ES300H', '2013-2018', 'LEXUS', 'ES330', '2004-2006', 'LEXUS', 'ES350', '2007-2018', 'LEXUS', 'HS250H', '2010-2012', 'LEXUS', 'LS400', '1990-1997', 'PONTIAC', 'VIBE', '2009-2010', 'TOYOTA', 'AVALON', '2008-2018', 'TOYOTA', 'CAMRY', '1994-2017', 'TOYOTA', 'HIGHLANDER', '2001-2003', 'TOYOTA', 'MATRIX', '2009-2013', 'TOYOTA', 'RAV4', '2013-2018']",FH15204,LEXUS,"[{""address"":""Acura Almulla, Car Dealer Rd, Kuwait"",""location"":""https://maps.app.goo.gl/J3oPuFs33svZGpK89""}]",images/LEXUS/LEXUS___ES350___3.5L_V6___Caliper_Repair_Kit___FH15204___46108.jpg,,2,0,0,,,0,0,Seal Kit ,0,0,1,,Rear,,,,,,,0,,0,,,0,,,14/08/2024,1,1,Caliper Repair Kit,,,,Accepted,500,,LEXUS,2009,ES350,https://www.rockauto.com/info/949/FVPFH15204__ra_m.jpg
16,"3.5L V6 Brake & Wheel Hub ['LEXUS', 'CT200H', '2011-2017', 'LEXUS', 'ES350', '2007-2011', 'LEXUS', 'HS250H', '2010-2012', 'LEXUS', 'IS250', '2006-2015', 'LEXUS', 'NX200T', '2015-2017', 'LEXUS', 'NX300H', '2015-2017', 'LEXUS', 'RX350', '2010-2017', 'LEXUS', 'RX450H', '2010-2017', 'MAZDA', '3', '2014-2018', 'MAZDA', '6', '2014-2017', 'PONTIAC', 'VIBE', '2009-2010', 'SCION', 'IM', '2016', 'SCION', 'TC', '2011-2016', 'SCION', 'XB', '2008-2015', 'SCION', 'XD', '2008-2012', 'TOYOTA', 'AVALON', '2008-2012', 'TOYOTA', 'CAMRY', '2007-2018', 'TOYOTA', 'COROLLA', '2009-2017', 'TOYOTA', 'HIGHLANDER', '2008-2017', 'TOYOTA', 'MATRIX', '2009-2013', 'TOYOTA', 'MIRAI', '2016', 'TOYOTA', 'PRIUS', '2010-2017', 'TOYOTA', 'PRIUS C', '2012-2017', 'TOYOTA', 'PRIUS V', '2012-2017', 'TOYOTA', 'RAV4', '2006-2017', 'TOYOTA', 'SIENNA', '2011-2017', 'TOYOTA', 'YARIS', '2006-2016']",18K1868,LEXUS,"[{""address"":""Acura Almulla, Car Dealer Rd, Kuwait"",""location"":""https://maps.app.goo.gl/J3oPuFs33svZGpK89""}]",images/LEXUS/LEXUS___ES350___3.5L_V6___Caliper_Slide_Pin___18K1868___19203.jpg,,7,0,0,,,0,0,none,0,0,1,,Front,,,,,,,0,,0,,,0,,,14/08/2024,1,1,Caliper Slide Pin,,,,Accepted,500,,LEXUS,2009,ES350,https://www.rockauto.com/info/314/19264078_Primary__ra_m.jpg
16,"3.5L V6 Brake & Wheel Hub ['LEXUS', 'ES350', '2007-2011', 'SUZUKI', 'AERIO', '2002-2005', 'TOYOTA', 'CAMRY', '2007-2011', 'TOYOTA', 'RAV4', '2006-2017']",H15199,LEXUS,"[{""address"":""Acura Almulla, Car Dealer Rd, Kuwait"",""location"":""https://maps.app.goo.gl/J3oPuFs33svZGpK89""}]",images/LEXUS/LEXUS___ES350___3.5L_V6___Caliper_Slide_Pin___H15199___73258.jpg,,6,0,0,,,0,0,none,0,0,1,,Rear,,,,,,,0,,0,,,0,,,14/08/2024,1,1,Caliper Slide Pin,,,,Accepted,500,,LEXUS,2009,ES350,https://www.rockauto.com/info/27/H15199_FRO__ra_m.jpg
16,"3.5L V6 Brake & Wheel Hub ['LEXUS', 'ES350', '2007-2010', 'LEXUS', 'HS250H', '2010', 'LEXUS', 'RX350', '2010', 'LEXUS', 'RX450H', '2010', 'PONTIAC', 'VIBE', '2009-2010', 'SCION', 'XB', '2008-2011', 'SCION', 'XD', '2008-2009', 'TOYOTA', 'AVALON', '2008-2010', 'TOYOTA', 'CAMRY', '2007-2011', 'TOYOTA', 'COROLLA', '2009-2010', 'TOYOTA', 'HIGHLANDER', '2008-2010', 'TOYOTA', 'MATRIX', '2009-2010', 'TOYOTA', 'RAV4', '2006-2010']",HW16447,LEXUS,"[{""address"":""Acura Almulla, Car Dealer Rd, Kuwait"",""location"":""https://maps.app.goo.gl/J3oPuFs33svZGpK89""}]",images/LEXUS/LEXUS___ES350___3.5L_V6___Caliper_Slide_Pin_Boot___Bushing___HW16447___54520.jpg,,3,0,0,,,0,0,none,0,0,1,,Front,,,,,,,0,,0,,,0,,,14/08/2024,1,1,Caliper Slide Pin Boot / Bushing,,,,Accepted,500,,LEXUS,2009,ES350,https://www.rockauto.com/info/42/HW16447-007__ra_m.jpg
16,"3.5L V6 Brake & Wheel Hub ['FORD', 'EDGE', '2007-2014', 'LEXUS', 'ES350', '2007-2011', 'LINCOLN', 'MKX', '2007-2015', 'MAZDA', 'CX-7', '2007-2012', 'MAZDA', 'CX-9', '2007-2017', 'MAZDA', 'MPV', '1992-2006', 'MITSUBISHI', 'MONTERO', '2001-2006', 'SCION', 'IQ', '2012-2015', 'SCION', 'XA', '2004-2006', 'SCION', 'XB', '2004-2006', 'SUZUKI', 'AERIO', '2002-2005', 'TOYOTA', 'CAMRY', '2007-2011', 'TOYOTA', 'CELICA', '2000', 'TOYOTA', 'ECHO', '2000-2005', 'TOYOTA', 'MR2 SPYDER', '2000-2005', 'TOYOTA', 'RAV4', '2006-2012']",H16095,LEXUS,"[{""address"":""Acura Almulla, Car Dealer Rd, Kuwait"",""location"":""https://maps.app.goo.gl/J3oPuFs33svZGpK89""}]",images/LEXUS/LEXUS___ES350___3.5L_V6___Caliper_Slide_Pin_Boot___Bushing___H16095___96940.jpg,,4,0,0,,,0,0,none,0,0,1,,Rear,,,,,,,0,,0,,,0,,,14/08/2024,1,1,Caliper Slide Pin Boot / Bushing,,,,Accepted,500,,LEXUS,2009,ES350,https://www.rockauto.com/info/27/H16095_FRO__ra_m.jpg
16,"3.5L V6 Brake & Wheel Hub ['LEXUS', 'ES350', '2007-2011', 'TOYOTA', 'CAMRY', '2007-2011']",H15935A,LEXUS,"[{""address"":""Acura Almulla, Car Dealer Rd, Kuwait"",""location"":""https://maps.app.goo.gl/J3oPuFs33svZGpK89""}]",images/LEXUS/LEXUS___ES350___3.5L_V6___Disc_Brake_Hardware_Kit___H15935A___4196.jpg,,8,0,0,,,0,0,none,0,0,1,,Rear,,,,,,,0,,0,,,0,,,14/08/2024,1,1,Disc Brake Hardware Kit,,,,Accepted,500,,LEXUS,2009,ES350,https://www.rockauto.com/info/27/H15935A_FRO__ra_m.jpg
16,"3.5L V6 Brake & Wheel Hub ['LEXUS', 'ES300H', '2013', 'LEXUS', 'ES350', '2007-2011', 'TOYOTA', 'AVALON', '2008-2011', 'TOYOTA', 'CAMRY', '2007-2011']",HW13946,LEXUS,"[{""address"":""Acura Almulla, Car Dealer Rd, Kuwait"",""location"":""https://maps.app.goo.gl/J3oPuFs33svZGpK89""}]",images/LEXUS/LEXUS___ES350___3.5L_V6___Disc_Brake_Hardware_Kit___HW13946___36627.jpg,,9,0,0,,,0,0,none,0,0,1,,Front,,,,,,,0,,0,,,0,,,14/08/2024,1,1,Disc Brake Hardware Kit,,,,Accepted,500,,LEXUS,2009,ES350,https://www.rockauto.com/info/42/HW13946-007__ra_m.jpg
16,"3.5L V6 Brake & Wheel Hub ['LEXUS', 'ES300', '1997-2003', 'LEXUS', 'ES330', '2004-2006', 'LEXUS', 'ES350', '2007-2012', 'LEXUS', 'RX300', '1999-2003', 'TOYOTA', 'AVALON', '1995-2012', 'TOYOTA', 'CAMRY', '1988-2011', 'TOYOTA', 'CELICA', '1986-1999', 'TOYOTA', 'HIGHLANDER', '2001-2003', 'TOYOTA', 'SOLARA', '1999-2008', 'TOYOTA', 'SUPRA', '1993-1998']",37076028,LEXUS,"[{""address"":""Acura Almulla, Car Dealer Rd, Kuwait"",""location"":""https://maps.app.goo.gl/J3oPuFs33svZGpK89""}]",images/LEXUS/LEXUS___ES350___3.5L_V6___Drum_Brake_Hardware_Kit___37076028___36272.jpg,,12,0,0,,,0,0,none,0,0,1,,Rear,,,,,,,0,,0,,,0,,,14/08/2024,1,1,Drum Brake Hardware Kit,,,,Accepted,500,,LEXUS,2009,ES350,https://www.rockauto.com/info/1100/370-76028_v8_1__ra_m.jpg
16,"3.5L V6 Brake & Wheel Hub ['LEXUS', 'ES350', '2007-2012', 'TOYOTA', 'CAMRY', '2007-2011']",NM4235,LEXUS,"[{""address"":""Acura Almulla, Car Dealer Rd, Kuwait"",""location"":""https://maps.app.goo.gl/J3oPuFs33svZGpK89""}]",images/LEXUS/LEXUS___ES350___3.5L_V6___Master_Cylinder___NM4235___59920.jpg,,55,0,0,,,0,0,Daily Driver ,0,0,1,,Front,,,,,,,0,,0,,,0,,,14/08/2024,1,1,Master Cylinder,,,,Accepted,500,,LEXUS,2009,ES350,https://www.rockauto.com/info/1091/NM4235-ANG__ra_m.jpg
16,"3.5L V6 Brake & Wheel Hub ['LEXUS', 'ES350', '2007-2012', 'TOYOTA', 'CAMRY', '2007-2011']",18M2695,LEXUS,"[{""address"":""Acura Almulla, Car Dealer Rd, Kuwait"",""location"":""https://maps.app.goo.gl/J3oPuFs33svZGpK89""}]",images/LEXUS/LEXUS___ES350___3.5L_V6___Master_Cylinder___18M2695___45369.jpg,,73,0,0,,,0,0,Daily Driver ,0,0,1,,,,,,,,,0,,0,,,0,,,14/08/2024,1,1,Master Cylinder,,,,Accepted,500,,LEXUS,2009,ES350,https://www.rockauto.com/info/314/19298637_Primary__ra_m.jpg
16,"3.5L V6 Brake & Wheel Hub ['LEXUS', 'ES350', '2007-2012', 'TOYOTA', 'CAMRY', '2007-2011']",18P96844,LEXUS,"[{""address"":""Acura Almulla, Car Dealer Rd, Kuwait"",""location"":""https://maps.app.goo.gl/J3oPuFs33svZGpK89""}]",images/LEXUS/LEXUS___ES350___3.5L_V6___Parking_Brake_Cable___18P96844___32581.jpg,,23,0,0,,,0,0,none,0,0,1,,Rear Right,,,,,,,0,,0,,,0,,,14/08/2024,1,1,Parking Brake Cable,,,,Accepted,500,,LEXUS,2009,ES350,https://www.rockauto.com/info/314/19336685_Primary__ra_m.jpg
16,"3.5L V6 Brake & Wheel Hub ['LEXUS', 'ES350', '2007-2013', 'TOYOTA', 'CAMRY', '2007-2011']",C660993,LEXUS,"[{""address"":""Acura Almulla, Car Dealer Rd, Kuwait"",""location"":""https://maps.app.goo.gl/J3oPuFs33svZGpK89""}]",images/LEXUS/LEXUS___ES350___3.5L_V6___Parking_Brake_Cable___C660993___50779.jpg,,36,0,0,,,0,0,none,0,0,1,,Rear Left,,,,,,,0,,0,,,0,,,14/08/2024,1,1,Parking Brake Cable,,,,Accepted,500,,LEXUS,2009,ES350,https://www.rockauto.com/info/42/C660993-007__ra_m.jpg
16,"3.5L V6 Brake & Wheel Hub ['LEXUS', 'ES300', '1992-2003', 'LEXUS', 'ES330', '2004-2006', 'LEXUS', 'ES350', '2007-2012', 'LEXUS', 'RX300', '1999-2003', 'TOYOTA', 'AVALON', '1995-2012', 'TOYOTA', 'CAMRY', '1992-2011', 'TOYOTA', 'CELICA', '1993-1999', 'TOYOTA', 'HIGHLANDER', '2001-2003', 'TOYOTA', 'SOLARA', '1999-2008']",18K1193,LEXUS,"[{""address"":""Acura Almulla, Car Dealer Rd, Kuwait"",""location"":""https://maps.app.goo.gl/J3oPuFs33svZGpK89""}]",images/LEXUS/LEXUS___ES350___3.5L_V6___Parking_Brake_Hardware_Kit___18K1193___11701.jpg,,20,0,0,,,0,0,none,0,0,1,,Rear,,,,,,,0,,0,,,0,,,14/08/2024,1,1,Parking Brake Hardware Kit,,,,Accepted,500,,LEXUS,2009,ES350,https://www.rockauto.com/info/314/19235116_Primary__ra_m.jpg
16,"3.5L V6 Brake & Wheel Hub ['LEXUS', 'ES300', '1992-2003', 'LEXUS', 'ES330', '2004-2006', 'LEXUS', 'ES350', '2007-2013', 'LEXUS', 'RX300', '1999-2003', 'TOYOTA', 'AVALON', '1995-2012', 'TOYOTA', 'CAMRY', '1992-2011', 'TOYOTA', 'CELICA', '1994-1999', 'TOYOTA', 'HIGHLANDER', '2001-2003', 'TOYOTA', 'SOLARA', '1999-2008']",0841666,LEXUS,"[{""address"":""Acura Almulla, Car Dealer Rd, Kuwait"",""location"":""https://maps.app.goo.gl/J3oPuFs33svZGpK89""}]",images/LEXUS/LEXUS___ES350___3.5L_V6___Parking_Brake_Hardware_Kit___0841666___83753.jpg,,15,0,0,,,0,0,none,0,0,1,,,,,,,,,0,,0,,,0,,,14/08/2024,1,1,Parking Brake Hardware Kit,,,,Accepted,500,,LEXUS,2009,ES350,https://www.rockauto.com/info/31/BA0841666-1__ra_m.jpg
16,"3.5L V6 Brake & Wheel Hub ['LEXUS', 'ES300', '1992-2003', 'LEXUS', 'ES330', '2004-2006', 'LEXUS', 'ES350', '2007-2012', 'LEXUS', 'RX300', '1999-2003', 'TOYOTA', 'AVALON', '1995-2012', 'TOYOTA', 'CAMRY', '1990-2011', 'TOYOTA', 'CELICA', '1995-1999', 'TOYOTA', 'HIGHLANDER', '2001-2003', 'TOYOTA', 'SOLARA', '1999-2008']",17859B,LEXUS,"[{""address"":""Acura Almulla, Car Dealer Rd, Kuwait"",""location"":""https://maps.app.goo.gl/J3oPuFs33svZGpK89""}]",images/LEXUS/LEXUS___ES350___3.5L_V6___Parking_Brake_Shoe___17859B___1225.jpg,,27,0,0,,,0,0,none,0,0,1,,Rear,,,,,,,0,,0,,,0,,,14/08/2024,1,1,Parking Brake Shoe,,,,Accepted,500,,LEXUS,2009,ES350,https://www.rockauto.com/info/314/88879483_Primary__ra_m.jpg
16,"3.5L V6 Brake & Wheel Hub ['LEXUS', 'ES250', '1990-1991', 'LEXUS', 'ES300', '1992-2003', 'LEXUS', 'ES330', '2004-2006', 'LEXUS', 'ES350', '2007-2012', 'LEXUS', 'RX300', '1999-2003', 'TOYOTA', 'AVALON', '1995-2012', 'TOYOTA', 'CAMRY', '1988-2011', 'TOYOTA', 'CELICA', '1990-1999', 'TOYOTA', 'HIGHLANDER', '2001-2003', 'TOYOTA', 'SOLARA', '1999-2008']",BS859,LEXUS,"[{""address"":""Acura Almulla, Car Dealer Rd, Kuwait"",""location"":""https://maps.app.goo.gl/J3oPuFs33svZGpK89""}]",images/LEXUS/LEXUS___ES350___3.5L_V6___Parking_Brake_Shoe___BS859___22005.jpg,,11,0,0,,,0,0,none,0,0,1,,,,,,,,,0,,0,,,0,,,14/08/2024,1,1,Parking Brake Shoe,,,,Accepted,500,,LEXUS,2009,ES350,https://www.rockauto.com/info/23/BS859front__ra_m.jpg
16,"3.5L V6 Brake & Wheel Hub ['LEXUS', 'ES350', '2007-2012', 'TOYOTA', 'CAMRY', '2007-2011']",5C34935,LEXUS,"[{""address"":""Acura Almulla, Car Dealer Rd, Kuwait"",""location"":""https://maps.app.goo.gl/J3oPuFs33svZGpK89""}]",images/LEXUS/LEXUS___ES350___3.5L_V6___Power_Brake_Booster___5C34935___38963.jpg,,169,0,0,,,0,0,New ,0,0,1,,,,,,,,,0,,0,,,0,,,14/08/2024,1,1,Power Brake Booster,,,,Accepted,500,,LEXUS,2009,ES350,https://www.rockauto.com/info/111/5C34935-LEF__ra_m.jpg
16,"3.5L V6 Brake & Wheel Hub ['LEXUS', 'ES350', '2007-2012', 'TOYOTA', 'AVALON', '2008-2012', 'TOYOTA', 'CAMRY', '2007-2011']",JBR1145XPR,LEXUS,"[{""address"":""Acura Almulla, Car Dealer Rd, Kuwait"",""location"":""https://maps.app.goo.gl/J3oPuFs33svZGpK89""}]",images/LEXUS/LEXUS___ES350___3.5L_V6___Rotor___JBR1145XPR___64840.jpg,,54,0,0,,,0,0,High Performance ,0,0,1,,Rear,,,,,,,0,,0,,,0,,,14/08/2024,1,1,Rotor,,,,Accepted,500,,LEXUS,2009,ES350,https://www.rockauto.com/info/568/JBR1145XPR__ra_m.jpg
16,"3.5L V6 Brake & Wheel Hub ['LEXUS', 'ES300H', '2013-2018', 'LEXUS', 'ES350', '2007-2018', 'PONTIAC', 'VIBE', '2009-2010', 'SCION', 'IM', '2016', 'SCION', 'TC', '2011-2016', 'TOYOTA', 'AVALON', '2008-2018', 'TOYOTA', 'CAMRY', '2007-2017', 'TOYOTA', 'COROLLA IM', '2017-2018', 'TOYOTA', 'MATRIX', '2009-2013', 'TOYOTA', 'MIRAI', '2016-2020', 'TOYOTA', 'RAV4', '2006-2018']",JBR1127XPR,LEXUS,"[{""address"":""Acura Almulla, Car Dealer Rd, Kuwait"",""location"":""https://maps.app.goo.gl/J3oPuFs33svZGpK89""}]",images/LEXUS/LEXUS___ES350___3.5L_V6___Rotor___JBR1127XPR___6544.jpg,,77,0,0,,,0,0,High Performance ,0,0,1,,Front,,,,,,,0,,0,,,0,,,14/08/2024,1,1,Rotor,,,,Accepted,500,,LEXUS,2009,ES350,https://www.rockauto.com/info/568/JBR1127XPR__ra_m.jpg
16,"3.5L V6 Brake & Wheel Hub ['', '', '', '', '', '', '', '', '', '', '', '', '', '', '', '', '', '', '', '', '', '', '', '', '', '', '', '', '', '', '', '', '']",A7080030,LEXUS,"[{""address"":""Acura Almulla, Car Dealer Rd, Kuwait"",""location"":""https://maps.app.goo.gl/J3oPuFs33svZGpK89""}]",images/LEXUS/LEXUS___ES350___3.5L_V6___Rotor___A7080030___64323.jpg,,43,0,0,,,0,0,Daily Driver ,0,0,1,,,,,,,,,0,,0,,,0,,,14/08/2024,1,1,Rotor,,,,Accepted,500,,LEXUS,2009,ES350,https://www.rockauto.com/info/1202/A70-80030_02__ra_m.jpg
16,"3.5L V6 Brake & Wheel Hub ['LEXUS', 'ES350', '2007-2012', 'TOYOTA', 'AVALON', '2008-2012', 'TOYOTA', 'CAMRY', '2007-2011']",63376079L,LEXUS,"[{""address"":""Acura Almulla, Car Dealer Rd, Kuwait"",""location"":""https://maps.app.goo.gl/J3oPuFs33svZGpK89""}]",images/LEXUS/LEXUS___ES350___3.5L_V6___Rotor___63376079L___86857.jpg,,32,0,0,,,0,0,High Performance ,0,0,1,,Rear Left,,,,,,,0,,0,,,0,,,14/08/2024,1,1,Rotor,,,,Accepted,500,,LEXUS,2009,ES350,https://www.rockauto.com/info/2100/633-76079L_v1_1__ra_m.jpg
16,"3.5L V6 Brake & Wheel Hub ['LEXUS', 'ES350', '2007-2012', 'TOYOTA', 'AVALON', '2008-2012', 'TOYOTA', 'CAMRY', '2007-2011']",63376079R,LEXUS,"[{""address"":""Acura Almulla, Car Dealer Rd, Kuwait"",""location"":""https://maps.app.goo.gl/J3oPuFs33svZGpK89""}]",images/LEXUS/LEXUS___ES350___3.5L_V6___Rotor___63376079R___50962.jpg,,32,0,0,,,0,0,High Performance ,0,0,1,,Rear Right,,,,,,,0,,0,,,0,,,14/08/2024,1,1,Rotor,,,,Accepted,500,,LEXUS,2009,ES350,https://www.rockauto.com/info/2100/633-76079R_v1_1__ra_m.jpg
16,"3.5L V6 Brake & Wheel Hub ['LEXUS', 'ES300H', '2013-2018', 'LEXUS', 'ES350', '2007-2018', 'PONTIAC', 'VIBE', '2009-2010', 'SCION', 'IM', '2016', 'SCION', 'TC', '2011-2016', 'TOYOTA', 'AVALON', '2008-2018', 'TOYOTA', 'CAMRY', '2007-2017', 'TOYOTA', 'COROLLA IM', '2017-2018', 'TOYOTA', 'MATRIX', '2009-2013', 'TOYOTA', 'RAV4', '2006-2018']",63376080L,LEXUS,"[{""address"":""Acura Almulla, Car Dealer Rd, Kuwait"",""location"":""https://maps.app.goo.gl/J3oPuFs33svZGpK89""}]",images/LEXUS/LEXUS___ES350___3.5L_V6___Rotor___63376080L___94295.jpg,,43,0,0,,,0,0,High Performance ,0,0,1,,Front Left,,,,,,,0,,0,,,0,,,14/08/2024,1,1,Rotor,,,,Accepted,500,,LEXUS,2009,ES350,https://www.rockauto.com/info/2100/633-76080L_v1_1__ra_m.jpg
16,"3.5L V6 Brake & Wheel Hub ['LEXUS', 'ES300H', '2013-2018', 'LEXUS', 'ES350', '2007-2018', 'PONTIAC', 'VIBE', '2009-2010', 'SCION', 'IM', '2016', 'SCION', 'TC', '2011-2016', 'TOYOTA', 'AVALON', '2008-2018', 'TOYOTA', 'CAMRY', '2007-2017', 'TOYOTA', 'COROLLA IM', '2017-2018', 'TOYOTA', 'MATRIX', '2009-2013', 'TOYOTA', 'RAV4', '2006-2018']",63376080R,LEXUS,"[{""address"":""Acura Almulla, Car Dealer Rd, Kuwait"",""location"":""https://maps.app.goo.gl/J3oPuFs33svZGpK89""}]",images/LEXUS/LEXUS___ES350___3.5L_V6___Rotor___63376080R___55935.jpg,,43,0,0,,,0,0,High Performance ,0,0,1,,Front Right,,,,,,,0,,0,,,0,,,14/08/2024,1,1,Rotor,,,,Accepted,500,,LEXUS,2009,ES350,https://www.rockauto.com/info/2100/633-76080R_v1_1__ra_m.jpg
16,"3.5L V6 Brake & Wheel Hub ['LEXUS', 'ES350', '2007-2012', 'TOYOTA', 'AVALON', '2008-2011', 'TOYOTA', 'CAMRY', '2007-2011']",KC3068,LEXUS,"[{""address"":""Acura Almulla, Car Dealer Rd, Kuwait"",""location"":""https://maps.app.goo.gl/J3oPuFs33svZGpK89""}]",images/LEXUS/LEXUS___ES350___3.5L_V6___Rotor___Brake_Pad_Kit___KC3068___22054.jpg,,172,0,0,,,0,0,Premium ,0,0,1,,Rear,,,,,,,0,,0,,,0,,,14/08/2024,1,1,Rotor & Brake Pad Kit,,,,Accepted,500,,LEXUS,2009,ES350,https://www.rockauto.com/info/568/KC3068__ra_m.jpg
16,"3.5L V6 Brake & Wheel Hub ['LEXUS', 'ES350', '2007-2012', 'TOYOTA', 'AVALON', '2008-2011', 'TOYOTA', 'CAMRY', '2007-2011']",KC2822,LEXUS,"[{""address"":""Acura Almulla, Car Dealer Rd, Kuwait"",""location"":""https://maps.app.goo.gl/J3oPuFs33svZGpK89""}]",images/LEXUS/LEXUS___ES350___3.5L_V6___Rotor___Brake_Pad_Kit___KC2822___2627.jpg,,366,0,0,,,0,0,Premium ,0,0,1,,Front,,,,,,,0,,0,,,0,,,14/08/2024,1,1,Rotor & Brake Pad Kit,,,,Accepted,500,,LEXUS,2009,ES350,https://www.rockauto.com/info/568/KC2822__ra_m.jpg
16,"3.5L V6 Brake & Wheel Hub ['LEXUS', 'CT200H', '2011-2015', 'LEXUS', 'ES250', '2022-2024', 'LEXUS', 'ES300H', '2013-2024', 'LEXUS', 'ES330', '2004-2006', 'LEXUS', 'ES350', '2007-2024', 'LEXUS', 'GS300', '2006', 'LEXUS', 'GS350', '2007-2020', 'LEXUS', 'GS430', '2006-2007', 'LEXUS', 'HS250H', '2010-2012', 'LEXUS', 'IS250', '2006-2015', 'LEXUS', 'IS300', '2017-2024', 'LEXUS', 'IS350', '2014-2024', 'LEXUS', 'LS460', '2009-2017', 'LEXUS', 'LS500', '2018-2024', 'LEXUS', 'LS500H', '2018-2024', 'LEXUS', 'LS600H', '2008-2015', 'LEXUS', 'NX200T', '2015-2016', 'LEXUS', 'NX250', '2024', 'LEXUS', 'NX300', '2018-2021', 'LEXUS', 'NX300H', '2015-2021', 'LEXUS', 'NX350', '2024', 'LEXUS', 'NX350H', '2024', 'LEXUS', 'NX450H+', '2023-2024', 'LEXUS', 'RC300', '2018-2024', 'LEXUS', 'RC350', '2018-2024', 'LEXUS', 'RX330', '2004-2006', 'LEXUS', 'RX350', '2007-2024', 'LEXUS', 'RX350H', '2023-2024', 'LEXUS', 'RX400H', '2006-2007', 'LEXUS', 'RX450H', '2010-2022', 'LEXUS', 'RX450H+', '2024', 'LEXUS', 'RX450HL', '2022', 'LEXUS', 'RX500H', '2023-2024', 'LEXUS', 'RZ450E', '2023-2024', 'LEXUS', 'TX350', '2024', 'LEXUS', 'TX500H', '2024', 'LEXUS', 'UX200', '2019-2022', 'LEXUS', 'UX250H', '2019-2024', 'SCION', 'IQ', '2012-2015', 'SCION', 'TC', '2005-2015', 'SCION', 'XA', '2004-2006', 'SCION', 'XB', '2004-2015', 'SCION', 'XD', '2008-2013', 'TOYOTA', 'AVALON', '2005-2022', 'TOYOTA', 'BZ4X', '2023', 'TOYOTA', 'C-HR', '2018-2021', 'TOYOTA', 'CAMRY', '2002-2024', 'TOYOTA', 'CARINA', '1971', 'TOYOTA', 'CELICA', '2000-2005', 'TOYOTA', 'COROLLA', '1969-2024', 'TOYOTA', 'COROLLA CROSS', '2022', 'TOYOTA', 'COROLLA IM', '2017-2018', 'TOYOTA', 'CRESSIDA', '1990-1992', 'TOYOTA', 'CROWN', '1969-1972', 'TOYOTA', 'ECHO', '2001-2004', 'TOYOTA', 'HIGHLANDER', '2001-2022', 'TOYOTA', 'MATRIX', '2003-2014', 'TOYOTA', 'MIRAI', '2016-2020', 'TOYOTA', 'MR2 SPYDER', '2000-2006', 'TOYOTA', 'PICKUP', '1970-1974', 'TOYOTA', 'PRIUS', '2002-2024', 'TOYOTA', 'PRIUS C', '2012-2021', 'TOYOTA', 'PRIUS PLUG-IN', '2013-2015', 'TOYOTA', 'PRIUS PRIME', '2017-2024', 'TOYOTA', 'PRIUS V', '2012-2018', 'TOYOTA', 'RAIZE', '2022', 'TOYOTA', 'RAV4', '2002-2024', 'TOYOTA', 'RAV4 PRIME', '2021-2024', 'TOYOTA', 'SIENNA', '2004-2024', 'TOYOTA', 'SOLARA', '2004-2008', 'TOYOTA', 'VENZA', '2009-2024', 'TOYOTA', 'YARIS', '2004-2023']",615224,LEXUS,"[{""address"":""Acura Almulla, Car Dealer Rd, Kuwait"",""location"":""https://maps.app.goo.gl/J3oPuFs33svZGpK89""}]",images/LEXUS/LEXUS___ES350___3.5L_V6___Spindle_Nut___615224___91750.jpg,,4,0,0,,,0,0,none,0,0,1,,Front,,,,,,,0,,0,,,0,,,14/08/2024,1,1,Spindle Nut,,,,Accepted,500,,LEXUS,2009,ES350,https://www.rockauto.com/info/42/RB_615224_Ang__ra_m.jpg
16,"3.5L V6 Brake & Wheel Hub ['FORD', 'EDGE', '2007-2014', 'LEXUS', 'ES300H', '2013-2018', 'LEXUS', 'ES330', '2004-2006', 'LEXUS', 'ES350', '2007-2018', 'LEXUS', 'RX330', '2004-2006', 'LEXUS', 'RX350', '2007-2009', 'LEXUS', 'RX400H', '2006-2008', 'LINCOLN', 'MKX', '2007-2015', 'MAZDA', '6', '2006-2007', 'MAZDA', 'CX-7', '2007-2012', 'MAZDA', 'CX-9', '2007-2015', 'PONTIAC', 'VIBE', '2009-2010', 'TOYOTA', 'AVALON', '2005-2018', 'TOYOTA', 'CAMRY', '2004-2017', 'TOYOTA', 'HIGHLANDER', '2001-2007', 'TOYOTA', 'MATRIX', '2009-2013', 'TOYOTA', 'SIENNA', '2003-2010', 'TOYOTA', 'SOLARA', '2004-2008', 'TOYOTA', 'VENZA', '2009-2016']",FW50,LEXUS,"[{""address"":""Acura Almulla, Car Dealer Rd, Kuwait"",""location"":""https://maps.app.goo.gl/J3oPuFs33svZGpK89""}]",images/LEXUS/LEXUS___ES350___3.5L_V6___Wheel_Bearing___FW50___20871.jpg,,32,0,0,,,0,0,Standard Replacement ,0,0,1,,Front,,,,,,,0,,0,,,0,,,14/08/2024,1,1,Wheel Bearing,,,,Accepted,500,,LEXUS,2009,ES350,https://www.rockauto.com/info/196/FW50_1__ra_m.jpg
16,"3.5L V6 Brake & Wheel Hub ['LEXUS', 'ES300', '2003', 'LEXUS', 'ES300H', '2013-2017', 'LEXUS', 'ES330', '2004-2006', 'LEXUS', 'ES350', '2007-2017', 'LEXUS', 'RX330', '2004-2006', 'LEXUS', 'RX350', '2007-2009', 'LEXUS', 'RX400H', '2006-2008', 'MAZDA', '6', '2006-2007', 'MAZDA', 'CX-7', '2007-2012', 'MAZDA', 'CX-9', '2007-2015', 'TOYOTA', 'AVALON', '2005-2017', 'TOYOTA', 'CAMRY', '2003-2017', 'TOYOTA', 'HIGHLANDER', '2001-2007', 'TOYOTA', 'MATRIX', '2009-2013', 'TOYOTA', 'SIENNA', '2004-2010', 'TOYOTA', 'SOLARA', '2004-2008', 'TOYOTA', 'VENZA', '2009-2015']",A700142,LEXUS,"[{""address"":""Acura Almulla, Car Dealer Rd, Kuwait"",""location"":""https://maps.app.goo.gl/J3oPuFs33svZGpK89""}]",images/LEXUS/LEXUS___ES350___3.5L_V6___Wheel_Bearing___A700142___19784.jpg,,25,0,0,,,0,0,Standard Replacement ,0,0,1,,,,,,,,,0,,0,,,0,,,14/08/2024,1,1,Wheel Bearing,,,,Accepted,500,,LEXUS,2009,ES350,https://www.rockauto.com/info/1202/A70-0142_02__ra_m.jpg
16,"3.5L V6 Brake & Wheel Hub ['LEXUS', 'ES300', '2002-2003', 'LEXUS', 'ES330', '2004-2006', 'LEXUS', 'ES350', '2007-2012', 'TOYOTA', 'AVALON', '2005-2012', 'TOYOTA', 'CAMRY', '2002-2011', 'TOYOTA', 'HIGHLANDER', '2001-2003', 'TOYOTA', 'SOLARA', '2004-2008']",512207,LEXUS,"[{""address"":""Acura Almulla, Car Dealer Rd, Kuwait"",""location"":""https://maps.app.goo.gl/J3oPuFs33svZGpK89""}]",images/LEXUS/LEXUS___ES350___3.5L_V6___Wheel_Bearing___Hub___512207___13231.jpg,,111,0,0,,,0,0,Standard Replacement ,0,0,1,,Rear Right,,,,,,,0,,0,,,0,,,14/08/2024,1,1,Wheel Bearing & Hub,,,,Accepted,500,,LEXUS,2009,ES350,https://www.rockauto.com/info/302/512207_Primary__ra_m.jpg
16,"3.5L V6 Brake & Wheel Hub ['LEXUS', 'ES300', '2002-2003', 'LEXUS', 'ES330', '2004-2006', 'LEXUS', 'ES350', '2007-2012', 'TOYOTA', 'AVALON', '2005-2012', 'TOYOTA', 'CAMRY', '2002-2011', 'TOYOTA', 'HIGHLANDER', '2001-2003', 'TOYOTA', 'SOLARA', '2004-2008']",512206,LEXUS,"[{""address"":""Acura Almulla, Car Dealer Rd, Kuwait"",""location"":""https://maps.app.goo.gl/J3oPuFs33svZGpK89""}]",images/LEXUS/LEXUS___ES350___3.5L_V6___Wheel_Bearing___Hub___512206___77095.jpg,,109,0,0,,,0,0,Standard Replacement ,0,0,1,,Rear Left,,,,,,,0,,0,,,0,,,14/08/2024,1,1,Wheel Bearing & Hub,,,,Accepted,500,,LEXUS,2009,ES350,https://www.rockauto.com/info/302/512206_Primary__ra_m.jpg
16,"3.5L V6 Brake & Wheel Hub ['LEXUS', 'ES330', '2004-2006', 'LEXUS', 'ES350', '2007-2013', 'LEXUS', 'RX330', '2004-2006', 'LEXUS', 'RX350', '2007-2009', 'LEXUS', 'RX400H', '2006-2008', 'TOYOTA', 'AVALON', '2005-2013', 'TOYOTA', 'CAMRY', '2004-2013', 'TOYOTA', 'HIGHLANDER', '2005-2007', 'TOYOTA', 'SOLARA', '2004-2008']",WH9030K,LEXUS,"[{""address"":""Acura Almulla, Car Dealer Rd, Kuwait"",""location"":""https://maps.app.goo.gl/J3oPuFs33svZGpK89""}]",images/LEXUS/LEXUS___ES350___3.5L_V6___Wheel_Bearing___Hub___WH9030K___77720.jpg,,73,0,0,,,0,0,Standard Replacement ,0,0,1,,Front,,,,,,,0,,0,,,0,,,14/08/2024,1,1,Wheel Bearing & Hub,,,,Accepted,500,,LEXUS,2009,ES350,https://www.rockauto.com/info/758/WH9030K-1-US__ra_m.jpg
16,"3.5L V6 Brake & Wheel Hub ['LEXUS', 'ES350', '2007-2012', 'TOYOTA', 'CAMRY', '2007-2011']",LK043,LEXUS,"[{""address"":""Acura Almulla, Car Dealer Rd, Kuwait"",""location"":""https://maps.app.goo.gl/J3oPuFs33svZGpK89""}]",images/LEXUS/LEXUS___ES350___3.5L_V6___Wheel_Bearing___Hub___Knuckle_Assembly___LK043___9898.jpg,,132,0,0,,,0,0,Standard Replacement ,0,0,1,,Front Left,,,,,,,0,,0,,,0,,,14/08/2024,1,1,Wheel Bearing / Hub / Knuckle Assembly,,,,Accepted,500,,LEXUS,2009,ES350,https://www.rockauto.com/info/462/NMG_LK043_P04_FRO__ra_m.jpg
16,"3.5L V6 Brake & Wheel Hub ['LEXUS', 'ES350', '2007-2012', 'TOYOTA', 'CAMRY', '2007-2011']",LK044,LEXUS,"[{""address"":""Acura Almulla, Car Dealer Rd, Kuwait"",""location"":""https://maps.app.goo.gl/J3oPuFs33svZGpK89""}]",images/LEXUS/LEXUS___ES350___3.5L_V6___Wheel_Bearing___Hub___Knuckle_Assembly___LK044___86839.jpg,,132,0,0,,,0,0,Standard Replacement ,0,0,1,,Front Right,,,,,,,0,,0,,,0,,,14/08/2024,1,1,Wheel Bearing / Hub / Knuckle Assembly,,,,Accepted,500,,LEXUS,2009,ES350,https://www.rockauto.com/info/462/NMG_LK044_P04_FRO__ra_m.jpg
16,"3.5L V6 Brake & Wheel Hub ['FORD', 'EDGE', '2007-2014', 'LEXUS', 'ES300H', '2013-2018', 'LEXUS', 'ES330', '2004-2006', 'LEXUS', 'ES350', '2007-2018', 'LEXUS', 'RX330', '2004-2006', 'LEXUS', 'RX350', '2007-2009', 'LEXUS', 'RX400H', '2006-2008', 'LINCOLN', 'MKX', '2007-2015', 'MAZDA', '6', '2006-2007', 'MAZDA', 'CX-7', '2007-2012', 'MAZDA', 'CX-9', '2007-2015', 'PONTIAC', 'VIBE', '2009-2010', 'TOYOTA', 'AVALON', '2005-2018', 'TOYOTA', 'CAMRY', '2004-2017', 'TOYOTA', 'HIGHLANDER', '2001-2007', 'TOYOTA', 'MATRIX', '2009-2013', 'TOYOTA', 'SIENNA', '2003-2010', 'TOYOTA', 'SOLARA', '2004-2008', 'TOYOTA', 'VENZA', '2009-2016']",CIR50,LEXUS,"[{""address"":""Acura Almulla, Car Dealer Rd, Kuwait"",""location"":""https://maps.app.goo.gl/J3oPuFs33svZGpK89""}]",images/LEXUS/LEXUS___ES350___3.5L_V6___Wheel_Bearing_Snap_Ring___CIR50___36924.jpg,,3,0,0,,,0,0,none,0,0,1,,Front,,,,,,,0,,0,,,0,,,14/08/2024,1,1,Wheel Bearing Snap Ring,,,,Accepted,500,,LEXUS,2009,ES350,https://www.rockauto.com/info/196/CIR50_1__ra_m.jpg
16,"3.5L V6 Brake & Wheel Hub ['LEXUS', 'ES300H', '2013-2018', 'LEXUS', 'ES330', '2004-2006', 'LEXUS', 'ES350', '2007-2018', 'LEXUS', 'RX330', '2004-2006', 'LEXUS', 'RX350', '2007-2015', 'LEXUS', 'RX400H', '2006-2008', 'LEXUS', 'RX450H', '2010-2015', 'TOYOTA', 'AVALON', '2005-2019', 'TOYOTA', 'CAMRY', '2004-2018', 'TOYOTA', 'HIGHLANDER', '2001-2013', 'TOYOTA', 'SIENNA', '2004-2010', 'TOYOTA', 'SOLARA', '2004-2008', 'TOYOTA', 'VENZA', '2009-2016']",930400,LEXUS,"[{""address"":""Acura Almulla, Car Dealer Rd, Kuwait"",""location"":""https://maps.app.goo.gl/J3oPuFs33svZGpK89""}]",images/LEXUS/LEXUS___ES350___3.5L_V6___Wheel_Hub___930400___8194.jpg,,12,0,0,,,0,0,none,0,0,1,,,,,,,,,0,,0,,,0,,,14/08/2024,1,1,Wheel Hub,,,,Accepted,500,,LEXUS,2009,ES350,https://www.rockauto.com/info/42/930-400-007__ra_m.jpg
16,"3.5L V6 Brake & Wheel Hub ['LEXUS', 'ES330', '2004-2006', 'LEXUS', 'ES350', '2007-2014', 'LEXUS', 'RX330', '2004-2006', 'LEXUS', 'RX350', '2007-2015', 'LEXUS', 'RX400H', '2006-2008', 'LEXUS', 'RX450H', '2010-2015', 'TOYOTA', 'AVALON', '2005-2015', 'TOYOTA', 'CAMRY', '2004-2016', 'TOYOTA', 'HIGHLANDER', '2001-2013', 'TOYOTA', 'SIENNA', '2004-2010', 'TOYOTA', 'SOLARA', '2004-2008', 'TOYOTA', 'VENZA', '2009-2015']",29595079,LEXUS,"[{""address"":""Acura Almulla, Car Dealer Rd, Kuwait"",""location"":""https://maps.app.goo.gl/J3oPuFs33svZGpK89""}]",images/LEXUS/LEXUS___ES350___3.5L_V6___Wheel_Hub___29595079___39234.jpg,,12,0,0,,,0,0,none,0,0,1,,Front,,,,,,,0,,0,,,0,,,14/08/2024,1,1,Wheel Hub,,,,Accepted,500,,LEXUS,2009,ES350,https://www.rockauto.com/info/635/295-95079_1__ra_m.jpg
16,"3.5L V6 Cooling System ['LEXUS', 'CT200H', '2011-2015', 'LEXUS', 'ES250', '2022', 'LEXUS', 'ES300H', '2013-2023', 'LEXUS', 'ES330', '2005-2006', 'LEXUS', 'ES350', '2007-2023', 'LEXUS', 'GS F', '2018-2020', 'LEXUS', 'GS200T', '2016-2017', 'LEXUS', 'GS300', '2006-2019', 'LEXUS', 'GS350', '2007-2020', 'LEXUS', 'GS430', '2006-2007', 'LEXUS', 'GS450H', '2007-2018', 'LEXUS', 'GS460', '2008-2011', 'LEXUS', 'GX460', '2010-2023', 'LEXUS', 'GX470', '2005-2007', 'LEXUS', 'HS250H', '2010-2012', 'LEXUS', 'IS F', '2008-2010', 'LEXUS', 'IS200T', '2017', 'LEXUS', 'IS250', '2006-2015', 'LEXUS', 'IS300', '2017-2022', 'LEXUS', 'IS350', '2006-2022', 'LEXUS', 'LC500', '2018-2023', 'LEXUS', 'LC500H', '2018-2023', 'LEXUS', 'LFA', '2012', 'LEXUS', 'LS430', '2006', 'LEXUS', 'LS460', '2007-2017', 'LEXUS', 'LS500', '2018-2023', 'LEXUS', 'LS500H', '2018-2023', 'LEXUS', 'LS600H', '2008-2015', 'LEXUS', 'LX470', '2005-2007', 'LEXUS', 'LX570', '2008-2019', 'LEXUS', 'LX600', '2022', 'LEXUS', 'NX200T', '2015-2016', 'LEXUS', 'NX300', '2018-2021', 'LEXUS', 'NX300H', '2015-2021', 'LEXUS', 'NX450H+', '2023', 'LEXUS', 'RC F', '2015-2022', 'LEXUS', 'RC200T', '2017', 'LEXUS', 'RC300', '2018-2022', 'LEXUS', 'RC350', '2015-2022', 'LEXUS', 'RX330', '2005-2006', 'LEXUS', 'RX350', '2007-2023', 'LEXUS', 'RX350H', '2023', 'LEXUS', 'RX400H', '2006-2007', 'LEXUS', 'RX450H', '2010-2022', 'LEXUS', 'RX450HL', '2022', 'LEXUS', 'RX500H', '2023', 'LEXUS', 'SC430', '2006-2007', 'LEXUS', 'UX200', '2019-2022', 'LEXUS', 'UX250H', '2019-2023', 'SCION', 'IQ', '2012-2015', 'SCION', 'TC', '2005-2015', 'SCION', 'XA', '2005-2006', 'SCION', 'XB', '2005-2015', 'SCION', 'XD', '2008-2013', 'TOYOTA', '4RUNNER', '2005-2023', 'TOYOTA', 'AVALON', '2005-2022', 'TOYOTA', 'AVANZA', '2007-2021', 'TOYOTA', 'C-HR', '2018-2021', 'TOYOTA', 'CAMRY', '2005-2023', 'TOYOTA', 'CELICA', '2005', 'TOYOTA', 'COROLLA', '2005-2023', 'TOYOTA', 'COROLLA CROSS', '2022', 'TOYOTA', 'COROLLA IM', '2017-2018', 'TOYOTA', 'FJ CRUISER', '2007-2014', 'TOYOTA', 'HIACE', '2006-2022', 'TOYOTA', 'HIGHLANDER', '2005-2022', 'TOYOTA', 'HILUX', '2005-2022', 'TOYOTA', 'LAND CRUISER', '2005-2021', 'TOYOTA', 'MATRIX', '2005-2014', 'TOYOTA', 'MR2 SPYDER', '2005', 'TOYOTA', 'PRIUS', '2005-2022', 'TOYOTA', 'PRIUS C', '2012-2021', 'TOYOTA', 'PRIUS PLUG-IN', '2013-2015', 'TOYOTA', 'PRIUS PRIME', '2017-2022', 'TOYOTA', 'PRIUS V', '2012-2018', 'TOYOTA', 'RAIZE', '2022', 'TOYOTA', 'RAV4', '2005-2023', 'TOYOTA', 'RAV4 PRIME', '2021-2022', 'TOYOTA', 'SEQUOIA', '2005-2023', 'TOYOTA', 'SIENNA', '2005-2022', 'TOYOTA', 'SOLARA', '2005-2008', 'TOYOTA', 'TACOMA', '2005-2023', 'TOYOTA', 'TUNDRA', '2005-2023', 'TOYOTA', 'VENZA', '2009-2022', 'TOYOTA', 'YARIS', '2006-2019']",8115209,LEXUS,"[{""address"":""Acura Almulla, Car Dealer Rd, Kuwait"",""location"":""https://maps.app.goo.gl/J3oPuFs33svZGpK89""}]",images/LEXUS/LEXUS___ES350___3.5L_V6___Coolant___Antifreeze___8115209___77456.jpg,,11,0,0,,,0,0,Standard Replacement ,0,0,1,,,,,,,,,0,,0,,,0,,,14/08/2024,1,1,Coolant / Antifreeze,,,,Accepted,500,,LEXUS,2009,ES350,https://www.rockauto.com/info/989/8115209FRO__ra_m.jpg
16,"3.5L V6 Cooling System ['BUICK', 'ROADMASTER', '1994-1996', 'CHEVROLET', 'CAPRICE', '1995', 'LEXUS', 'ES350', '2007-2014', 'LEXUS', 'RX350', '2007-2014', 'LEXUS', 'RX450H', '2010-2014', 'TOYOTA', 'AVALON', '2005-2010', 'TOYOTA', 'CAMRY', '2007-2011', 'TOYOTA', 'HIGHLANDER', '2008-2018', 'TOYOTA', 'RAV4', '2006-2012', 'TOYOTA', 'SIENNA', '2007-2010', 'TOYOTA', 'VENZA', '2009-2013']",63494,LEXUS,"[{""address"":""Acura Almulla, Car Dealer Rd, Kuwait"",""location"":""https://maps.app.goo.gl/J3oPuFs33svZGpK89""}]",images/LEXUS/LEXUS___ES350___3.5L_V6___Coolant_Hose___Pipe___63494___56075.jpg,,9,0,0,,,0,0,none,0,0,1,,,,,,,,,0,,0,,,0,,,14/08/2024,1,1,Coolant Hose / Pipe,,,,Accepted,500,,LEXUS,2009,ES350,https://www.rockauto.com/info/147/63494_VIEW%201__ra_m.jpg
16,"3.5L V6 Cooling System ['LEXUS', 'ES350', '2007-2017', 'LEXUS', 'RX350', '2007-2015', 'LEXUS', 'RX450H', '2010-2015', 'TOYOTA', 'AVALON', '2005-2007', 'TOYOTA', 'CAMRY', '2008-2011', 'TOYOTA', 'HIGHLANDER', '2008-2016', 'TOYOTA', 'RAV4', '2006-2012', 'TOYOTA', 'SIENNA', '2007-2010', 'TOYOTA', 'VENZA', '2009-2013']",1470087,LEXUS,"[{""address"":""Acura Almulla, Car Dealer Rd, Kuwait"",""location"":""https://maps.app.goo.gl/J3oPuFs33svZGpK89""}]",images/LEXUS/LEXUS___ES350___3.5L_V6___Coolant_Hose_Connector___Flange___1470087___13194.jpg,,12,0,0,,,0,0,none,0,0,1,,,,,,,,,0,,0,,,0,,,14/08/2024,1,1,Coolant Hose Connector / Flange,,,,Accepted,500,,LEXUS,2009,ES350,https://www.rockauto.com/info/31/BA1470087-1__ra_m.jpg
16,"3.5L V6 Cooling System ['LEXUS', 'ES350', '2007-2012', 'TOYOTA', 'CAMRY', '2007-2011']",TO3014129,LEXUS,"[{""address"":""Acura Almulla, Car Dealer Rd, Kuwait"",""location"":""https://maps.app.goo.gl/J3oPuFs33svZGpK89""}]",images/LEXUS/LEXUS___ES350___3.5L_V6___Coolant_Reservoir___TO3014129___61476.jpg,,8,0,0,,,0,0,none,0,0,1,,,,,,,,,0,,0,,,0,,,14/08/2024,1,1,Coolant Reservoir,,,,Accepted,500,,LEXUS,2009,ES350,https://www.rockauto.com/info/69/T2_TO3014129_Fro__ra_m.jpg
16,"3.5L V6 Cooling System ['LEXUS', 'ES350', '2007-2012', 'TOYOTA', 'CAMRY', '2007-2011']",T173,LEXUS,"[{""address"":""Acura Almulla, Car Dealer Rd, Kuwait"",""location"":""https://maps.app.goo.gl/J3oPuFs33svZGpK89""}]",images/LEXUS/LEXUS___ES350___3.5L_V6___Coolant_Reservoir_Cap___T173___35854.jpg,,Out of Stock,0,0,,,0,0,none,0,0,1,,,,,,,,,0,,0,,,0,,,14/08/2024,1,1,Coolant Reservoir Cap,,,,Accepted,500,,LEXUS,2009,ES350,https://www.rockauto.com/info/595/T173_Angle__ra_m.jpg
16,"3.5L V6 Cooling System ['LEXUS', 'ES350', '2007-2012', 'LEXUS', 'GS300', '2006', 'LEXUS', 'GS350', '2009-2011', 'LEXUS', 'GS430', '2006-2007', 'LEXUS', 'GS450H', '2007-2011', 'LEXUS', 'GS460', '2008-2011', 'LEXUS', 'LS460', '2007-2013', 'LEXUS', 'RX330', '2004-2006', 'LEXUS', 'RX350', '2007-2015', 'LEXUS', 'RX450H', '2010-2015', 'TOYOTA', 'CAMRY', '2007-2011', 'TOYOTA', 'SIENNA', '2004-2015', 'TOYOTA', 'VENZA', '2009-2015']",RY1822,LEXUS,"[{""address"":""Acura Almulla, Car Dealer Rd, Kuwait"",""location"":""https://maps.app.goo.gl/J3oPuFs33svZGpK89""}]",images/LEXUS/LEXUS___ES350___3.5L_V6___Cooling_Fan_Control_Module___RY1822___57521.jpg,,191,0,0,,,0,0,none,0,0,1,,,,,,,,,0,,0,,,0,,,14/08/2024,1,1,Cooling Fan Control Module,,,,Accepted,500,,LEXUS,2009,ES350,https://www.rockauto.com/info/154/RY1822_Front__ra_m.jpg
16,"3.5L V6 Cooling System ['ACURA', '1992-2021', 'ASUNA', '1992', 'CHEVROLET', '1998-2003', 'CHRYSLER', '2001-2004', 'DODGE', '1992-2020', 'EAGLE', '1992-1993', 'GEO', '1991-1996', 'HONDA', '1992-2023', 'ISUZU', '1996-2002', 'LEXUS', '1990-2018', 'MAZDA', '1996-2017', 'MITSUBISHI', '1992-2020', 'PLYMOUTH', '1992', 'PONTIAC', '1994-2010', 'SCION', '2006-2016', 'SUBARU', '2001-2017', 'SUZUKI', '1991-2013', 'TOYOTA', '1990-2018', 'VOLKSWAGEN', '2004']",31409,LEXUS,"[{""address"":""Acura Almulla, Car Dealer Rd, Kuwait"",""location"":""https://maps.app.goo.gl/J3oPuFs33svZGpK89""}]",images/LEXUS/LEXUS___ES350___3.5L_V6___Cooling_System_Tester_Adapter___31409___31783.jpg,,47,0,0,,,0,0,none,0,0,1,,,,,,,,,0,,0,,,0,,,14/08/2024,1,1,Cooling System Tester Adapter,,,,Accepted,500,,LEXUS,2009,ES350,https://www.rockauto.com/info/64/31409-1_ANG_A__ra_m.jpg
16,"3.5L V6 Cooling System ['LEXUS', 'ES350', '2007-2012', 'TOYOTA', 'CAMRY', '2007-2011']",2213156,LEXUS,"[{""address"":""Acura Almulla, Car Dealer Rd, Kuwait"",""location"":""https://maps.app.goo.gl/J3oPuFs33svZGpK89""}]",images/LEXUS/LEXUS___ES350___3.5L_V6___Radiator___2213156___97370.jpg,,69,0,0,,,0,0,none,0,0,1,,,,,,,,,0,,0,,,0,,,14/08/2024,1,1,Radiator,,,,Accepted,500,,LEXUS,2009,ES350,https://www.rockauto.com/info/14/221-3156__ra_m.jpg
16,"3.5L V6 Cooling System ['LEXUS', 'ES350', '2007-2011', 'TOYOTA', 'AVALON', '2005-2012', 'TOYOTA', 'CAMRY', '2007-2011', 'TOYOTA', 'VENZA', '2009-2015']",646938,LEXUS,"[{""address"":""Acura Almulla, Car Dealer Rd, Kuwait"",""location"":""https://maps.app.goo.gl/J3oPuFs33svZGpK89""}]",images/LEXUS/LEXUS___ES350___3.5L_V6___Radiator___646938___73921.jpg,,103,0,0,,,0,0,none,0,0,1,,Front,,,,,,,0,,0,,,0,,,14/08/2024,1,1,Radiator,,,,Accepted,500,,LEXUS,2009,ES350,https://www.rockauto.com/info/417/646938-1__ra_m.jpg
16,"3.5L V6 Cooling System ['ACURA', '1992-2022', 'CHEVROLET', '1998-2004', 'CHRYSLER', '2001-2004', 'DODGE', '2001-2020', 'GEO', '1994', 'HONDA', '1992-2023', 'ISUZU', '1996-2002', 'LEXUS', '1992-2022', 'MAZDA', '2002-2018', 'MITSUBISHI', '2000-2020', 'PONTIAC', '1994-1999', 'SCION', '2006-2016', 'SUBARU', '1970-2021', 'SUZUKI', '1991-2018', 'TOYOTA', '1993-2023']",ST37,LEXUS,"[{""address"":""Acura Almulla, Car Dealer Rd, Kuwait"",""location"":""https://maps.app.goo.gl/J3oPuFs33svZGpK89""}]",images/LEXUS/LEXUS___ES350___3.5L_V6___Radiator_Cap___ST37___50393.jpg,,5,0,0,,,0,0,Locking Replacement ,0,0,1,,,,,,,,,0,,0,,,0,,,14/08/2024,1,1,Radiator Cap,,,,Accepted,500,,LEXUS,2009,ES350,https://www.rockauto.com/info/595/ST37_ANGLE__ra_m.jpg
16,"3.5L V6 Cooling System ['LEXUS', 'ES350', '2007-2010', 'TOYOTA', 'CAMRY', '2008-2010']",76187,LEXUS,"[{""address"":""Acura Almulla, Car Dealer Rd, Kuwait"",""location"":""https://maps.app.goo.gl/J3oPuFs33svZGpK89""}]",images/LEXUS/LEXUS___ES350___3.5L_V6___Radiator_Fan_Assembly___76187___15611.jpg,,102,0,0,,,0,0,none,0,0,1,,,,,,,,,0,,0,,,0,,,14/08/2024,1,1,Radiator Fan Assembly,,,,Accepted,500,,LEXUS,2009,ES350,https://www.rockauto.com/info/52/76187__ra_m.jpg
16,"3.5L V6 Cooling System ['LEXUS', 'ES350', '2007-2018', 'TOYOTA', 'AVALON', '2008-2018', 'TOYOTA', 'CAMRY', '2007-2017', 'TOYOTA', 'VENZA', '2009-2016']",24577L,LEXUS,"[{""address"":""Acura Almulla, Car Dealer Rd, Kuwait"",""location"":""https://maps.app.goo.gl/J3oPuFs33svZGpK89""}]",images/LEXUS/LEXUS___ES350___3.5L_V6___Radiator_Hose___24577L___37468.jpg,,11,0,0,,,0,0,none,0,0,1,,,,,,,,,0,,0,,,0,,,14/08/2024,1,1,Radiator Hose,,,,Accepted,500,,LEXUS,2009,ES350,https://www.rockauto.com/info/335/89050697_Primary__ra_m.jpg
16,"3.5L V6 Cooling System ['CHEVROLET', '1998', 'FORD', '1994-2005', 'GEO', '1990-1996', 'JAGUAR', '1996-2008', 'KIA', '1996-1997', 'LEXUS', '1990-2017', 'LINCOLN', '2004-2005', 'MAZDA', '1990-2003', 'PONTIAC', '2007-2010', 'SCION', '2006-2015', 'SUBARU', '1991', 'SUZUKI', '1991-1998', 'TOYOTA', '1988-2017', 'VOLVO', '2002-2009']",155986,LEXUS,"[{""address"":""Acura Almulla, Car Dealer Rd, Kuwait"",""location"":""https://maps.app.goo.gl/J3oPuFs33svZGpK89""}]",images/LEXUS/LEXUS___ES350___3.5L_V6___Temperature_Sender___Sensor___155986___21450.jpg,,32,0,0,,,0,0,Standard Replacement ,0,0,1,,,,,,,,,0,,0,,,0,,,14/08/2024,1,1,Temperature Sender / Sensor,,,,Accepted,500,,LEXUS,2009,ES350,https://www.rockauto.com/info/351/19189486_Primary__ra_m.jpg
16,"3.5L V6 Cooling System ['LEXUS', 'ES250', '1990-1991', 'LEXUS', 'ES300', '1992-2003', 'LEXUS', 'ES330', '2004-2006', 'LEXUS', 'ES350', '2007-2018', 'LEXUS', 'HS250H', '2010-2012', 'LEXUS', 'LS400', '1996-1997', 'LEXUS', 'RX300', '1999-2003', 'LEXUS', 'RX330', '2004-2006', 'LEXUS', 'RX350', '2007-2015', 'LEXUS', 'RX400H', '2006-2008', 'LEXUS', 'RX450H', '2010-2015', 'LEXUS', 'SC400', '1996-1997', 'SCION', 'TC', '2005-2016', 'SCION', 'XB', '2008-2015', 'SCION', 'XD', '2008-2014', 'TOYOTA', '4RUNNER', '1996-2002', 'TOYOTA', 'AVALON', '1995-2018', 'TOYOTA', 'CAMRY', '1988-2017', 'TOYOTA', 'CELICA', '1990-2005', 'TOYOTA', 'COROLLA', '1998-2014', 'TOYOTA', 'HIGHLANDER', '2001-2019', 'TOYOTA', 'MATRIX', '2003-2014', 'TOYOTA', 'MR2', '1991-1995', 'TOYOTA', 'MR2 SPYDER', '2000-2006', 'TOYOTA', 'RAV4', '2001-2018', 'TOYOTA', 'SIENNA', '1998-2016', 'TOYOTA', 'SOLARA', '1999-2008', 'TOYOTA', 'T100', '1995-1998', 'TOYOTA', 'TACOMA', '1995-2004', 'TOYOTA', 'TUNDRA', '2000-2004', 'TOYOTA', 'VENZA', '2009-2016']",THT019,LEXUS,"[{""address"":""Acura Almulla, Car Dealer Rd, Kuwait"",""location"":""https://maps.app.goo.gl/J3oPuFs33svZGpK89""}]",images/LEXUS/LEXUS___ES350___3.5L_V6___Thermostat___THT019___21326.jpg,,10,0,0,,,0,0,Standard Replacement ,0,0,1,,,,,,,,,0,,0,,,0,,,14/08/2024,1,1,Thermostat,,,,Accepted,500,,LEXUS,2009,ES350,https://www.rockauto.com/info/191/THT019-1__ra_m.jpg
16,"3.5L V6 Cooling System ['LEXUS', 'ES350', '2007-2016', 'LEXUS', 'GS300', '2006', 'LEXUS', 'GS350', '2007-2015', 'LEXUS', 'GS450H', '2007-2013', 'LEXUS', 'IS250', '2006-2015', 'LEXUS', 'IS350', '2006-2015', 'LEXUS', 'RC350', '2015', 'LEXUS', 'RX350', '2007-2015', 'LEXUS', 'RX450H', '2010-2015', 'LOTUS', 'EVORA', '2010-2013', 'TOYOTA', '4RUNNER', '2003-2022', 'TOYOTA', 'AVALON', '2005-2016', 'TOYOTA', 'CAMRY', '2007-2016', 'TOYOTA', 'FJ CRUISER', '2007-2014', 'TOYOTA', 'HIGHLANDER', '2008-2016', 'TOYOTA', 'RAV4', '2006-2012', 'TOYOTA', 'SIENNA', '2007-2016', 'TOYOTA', 'TACOMA', '2005-2015', 'TOYOTA', 'TUNDRA', '2005-2014', 'TOYOTA', 'VENZA', '2009-2015']",C32202,LEXUS,"[{""address"":""Acura Almulla, Car Dealer Rd, Kuwait"",""location"":""https://maps.app.goo.gl/J3oPuFs33svZGpK89""}]",images/LEXUS/LEXUS___ES350___3.5L_V6___Thermostat___Thermostat_Housing___Water_Outlet_Seal___C32202___25608.jpg,,4,0,0,,,0,0,none,0,0,1,,,,,,,,,0,,0,,,0,,,14/08/2024,1,1,Thermostat / Thermostat Housing / Water Outlet Seal,,,,Accepted,500,,LEXUS,2009,ES350,https://www.rockauto.com/info/247/C32202-TOP-08-18-11__ra_m.jpg
16,"3.5L V6 Cooling System ['LEXUS', 'ES350', '2007-2018', 'LEXUS', 'RX350', '2007-2015', 'LEXUS', 'RX450H', '2010-2015', 'TOYOTA', 'AVALON', '2005-2018', 'TOYOTA', 'CAMRY', '2007-2017', 'TOYOTA', 'HIGHLANDER', '2008-2016', 'TOYOTA', 'RAV4', '2006-2012', 'TOYOTA', 'SIENNA', '2007-2016', 'TOYOTA', 'VENZA', '2009-2015']",CO34848,LEXUS,"[{""address"":""Acura Almulla, Car Dealer Rd, Kuwait"",""location"":""https://maps.app.goo.gl/J3oPuFs33svZGpK89""}]",images/LEXUS/LEXUS___ES350___3.5L_V6___Thermostat_Housing___Water_Outlet___CO34848___4240.jpg,,67,0,0,,,0,0,none,0,0,1,,,,,,,,,0,,0,,,0,,,14/08/2024,1,1,Thermostat Housing / Water Outlet,,,,Accepted,500,,LEXUS,2009,ES350,https://www.rockauto.com/info/64/CO34848-1_ANG_A__ra_m.jpg
16,"3.5L V6 Cooling System ['LEXUS', 'ES350', '2007-2018', 'LEXUS', 'GS300', '2006', 'LEXUS', 'GS350', '2007-2015', 'LEXUS', 'GS450H', '2007-2018', 'LEXUS', 'IS250', '2006-2015', 'LEXUS', 'IS300', '2016-2017', 'LEXUS', 'IS350', '2006-2017', 'LEXUS', 'RC300', '2016-2017', 'LEXUS', 'RC350', '2015-2017', 'LEXUS', 'RX350', '2007-2015', 'LEXUS', 'RX450H', '2010-2015', 'LOTUS', 'EVORA', '2010-2019', 'LOTUS', 'EVORA GT', '2020-2021', 'TOYOTA', '4RUNNER', '2006-2021', 'TOYOTA', 'AVALON', '2005-2018', 'TOYOTA', 'CAMRY', '2007-2017', 'TOYOTA', 'FJ CRUISER', '2007-2014', 'TOYOTA', 'HIGHLANDER', '2008-2016', 'TOYOTA', 'RAV4', '2006-2012', 'TOYOTA', 'SIENNA', '2007-2016', 'TOYOTA', 'TACOMA', '2006-2015', 'TOYOTA', 'TUNDRA', '2006-2014', 'TOYOTA', 'VENZA', '2009-2016']",35801,LEXUS,"[{""address"":""Acura Almulla, Car Dealer Rd, Kuwait"",""location"":""https://maps.app.goo.gl/J3oPuFs33svZGpK89""}]",images/LEXUS/LEXUS___ES350___3.5L_V6___Water_Inlet_Gasket___35801___68628.jpg,,1,0,0,,,0,0,none,0,0,1,,,,,,,,,0,,0,,,0,,,14/08/2024,1,1,Water Inlet Gasket,,,,Accepted,500,,LEXUS,2009,ES350,https://www.rockauto.com/info/6/SFL_35801_P04_TOP__ra_m.jpg
16,"3.5L V6 Cooling System ['LEXUS', 'ES350', '2007-2018', 'LEXUS', 'RX350', '2007-2017', 'LEXUS', 'RX450H', '2010-2016', 'TOYOTA', 'AVALON', '2005-2018', 'TOYOTA', 'CAMRY', '2007-2017', 'TOYOTA', 'HIGHLANDER', '2008-2016', 'TOYOTA', 'RAV4', '2006-2012', 'TOYOTA', 'SIENNA', '2007-2016', 'TOYOTA', 'VENZA', '2009-2015']",252902,LEXUS,"[{""address"":""Acura Almulla, Car Dealer Rd, Kuwait"",""location"":""https://maps.app.goo.gl/J3oPuFs33svZGpK89""}]",images/LEXUS/LEXUS___ES350___3.5L_V6___Water_Pump___252902___5435.jpg,,59,0,0,,,0,0,none,0,0,1,,,,,,,,,0,,0,,,0,,,14/08/2024,1,1,Water Pump,,,,Accepted,500,,LEXUS,2009,ES350,https://www.rockauto.com/info/326/19253264_Primary__ra_m.jpg
16,"3.5L V6 Cooling System ['LEXUS', 'ES350', '2007-2018', 'LEXUS', 'RX350', '2007-2015', 'LEXUS', 'RX450H', '2010-2015', 'LOTUS', 'EVORA', '2010-2019', 'LOTUS', 'EVORA GT', '2020-2021', 'TOYOTA', 'AVALON', '2005-2018', 'TOYOTA', 'CAMRY', '2007-2017', 'TOYOTA', 'HIGHLANDER', '2008-2016', 'TOYOTA', 'RAV4', '2006-2012', 'TOYOTA', 'SIENNA', '2007-2016', 'TOYOTA', 'VENZA', '2009-2016']",ES73114,LEXUS,"[{""address"":""Acura Almulla, Car Dealer Rd, Kuwait"",""location"":""https://maps.app.goo.gl/J3oPuFs33svZGpK89""}]",images/LEXUS/LEXUS___ES350___3.5L_V6___Water_Pump_Gasket___ES73114___59499.jpg,,17,0,0,,,0,0,none,0,0,1,,,,,,,,,0,,0,,,0,,,14/08/2024,1,1,Water Pump Gasket,,,,Accepted,500,,LEXUS,2009,ES350,https://www.rockauto.com/info/6/SFL_ES73114_P04_TOP__ra_m.jpg
16,"3.5L V6 Drivetrain ['LEXUS', 'ES350', '2007-2020', 'TOYOTA', 'AVALON', '2009-2018', 'TOYOTA', 'CAMRY', '2007-2017']",TO8345A,LEXUS,"[{""address"":""Acura Almulla, Car Dealer Rd, Kuwait"",""location"":""https://maps.app.goo.gl/J3oPuFs33svZGpK89""}]",images/LEXUS/LEXUS___ES350___3.5L_V6___CV_Axle___TO8345A___13950.jpg,,39,0,0,,,0,0,Standard Replacement ,0,0,1,,Front Left,,,,,,,0,,0,,,0,,,14/08/2024,1,1,CV Axle,,,,Accepted,500,,LEXUS,2009,ES350,https://www.rockauto.com/info/464/TO8345A__ra_m.jpg
16,"3.5L V6 Drivetrain ['LEXUS', 'ES350', '2007-2018', 'TOYOTA', 'AVALON', '2005-2018']",TO8346A,LEXUS,"[{""address"":""Acura Almulla, Car Dealer Rd, Kuwait"",""location"":""https://maps.app.goo.gl/J3oPuFs33svZGpK89""}]",images/LEXUS/LEXUS___ES350___3.5L_V6___CV_Axle___TO8346A___31314.jpg,,54,0,0,,,0,0,Standard Replacement ,0,0,1,,Front Right,,,,,,,0,,0,,,0,,,14/08/2024,1,1,CV Axle,,,,Accepted,500,,LEXUS,2009,ES350,https://www.rockauto.com/info/464/TO8346A__ra_m.jpg
16,"3.5L V6 Drivetrain ['ACURA', 'MDX', '2003-2013', 'ACURA', 'TL', '2010-2014', 'HONDA', 'ODYSSEY', '2002-2013', 'HONDA', 'PILOT', '2005-2014', 'HONDA', 'RIDGELINE', '2009-2014', 'INFINITI', 'FX35', '2009-2012', 'INFINITI', 'M35', '2006', 'INFINITI', 'M35H', '2012-2013', 'INFINITI', 'QX70', '2014-2017', 'JAGUAR', 'S-TYPE', '2000-2002', 'LEXUS', 'ES300', '2002-2003', 'LEXUS', 'ES330', '2004-2006', 'LEXUS', 'ES350', '2007-2018', 'LEXUS', 'HS250H', '2010-2012', 'LEXUS', 'NX200T', '2015-2017', 'LEXUS', 'NX300', '2018', 'LEXUS', 'RX300', '1999-2003', 'LEXUS', 'RX330', '2004-2006', 'LEXUS', 'RX350', '2007-2009', 'MAZDA', '6', '2006-2007', 'MITSUBISHI', 'ECLIPSE', '2010-2012', 'MITSUBISHI', 'ENDEAVOR', '2004-2007', 'MITSUBISHI', 'GALANT', '2004-2007', 'MITSUBISHI', 'MONTERO', '1999-2000', 'NISSAN', 'ALTIMA', '2013-2018', 'NISSAN', 'FRONTIER', '2005-2019', 'NISSAN', 'MAXIMA', '2016-2023', 'NISSAN', 'NV200', '2013-2021', 'NISSAN', 'PATHFINDER', '2011-2012', 'NISSAN', 'XTERRA', '2006-2015', 'SAAB', '9-5', '2002-2004', 'SCION', 'TC', '2005-2010', 'TOYOTA', 'AVALON', '2003-2018', 'TOYOTA', 'CAMRY', '2007-2017', 'TOYOTA', 'CELICA', '1999-2005', 'TOYOTA', 'HIGHLANDER', '2001-2013', 'TOYOTA', 'RAV4', '1996-2018', 'TOYOTA', 'SIENNA', '2007-2010', 'VOLVO', 'S60', '2001-2021', 'VOLVO', 'S80', '2015-2016', 'VOLVO', 'S90', '2017-2021', 'VOLVO', 'V60', '2015-2022', 'VOLVO', 'V70', '2004-2007', 'VOLVO', 'V90', '2018-2022', 'VOLVO', 'V90 CROSS COUNTRY', '2017-2021', 'VOLVO', 'XC60', '2018-2021', 'VOLVO', 'XC90', '2016-2023']",1032867,LEXUS,"[{""address"":""Acura Almulla, Car Dealer Rd, Kuwait"",""location"":""https://maps.app.goo.gl/J3oPuFs33svZGpK89""}]",images/LEXUS/LEXUS___ES350___3.5L_V6___CV_Joint_Boot___1032867___92905.jpg,,13,0,0,,,0,0,none,0,0,1,,Front,,,,,,,0,,0,,,0,,,14/08/2024,1,1,CV Joint Boot,,,,Accepted,500,,LEXUS,2009,ES350,https://www.rockauto.com/info/31/BA1032867-1__ra_m.jpg
16,"3.5L V6 Drivetrain ['LEXUS', 'ES350', '2007-2018', 'LEXUS', 'RX350', '2010-2015', 'LEXUS', 'RX450H', '2010-2015', 'TOYOTA', 'AVALON', '2013-2018', 'TOYOTA', 'CAMRY', '2007-2017', 'TOYOTA', 'HIGHLANDER', '2008-2016', 'TOYOTA', 'SIENNA', '2011-2016', 'TOYOTA', 'VENZA', '2009-2015']",A709836,LEXUS,"[{""address"":""Acura Almulla, Car Dealer Rd, Kuwait"",""location"":""https://maps.app.goo.gl/J3oPuFs33svZGpK89""}]",images/LEXUS/LEXUS___ES350___3.5L_V6___CV_Joint_Boot___A709836___31221.jpg,,Out of Stock,0,0,,,0,0,none,0,0,1,,,,,,,,,0,,0,,,0,,,14/08/2024,1,1,CV Joint Boot,,,,Accepted,500,,LEXUS,2009,ES350,https://www.rockauto.com/info/31/BA1032867-1__ra_m.jpg
16,"3.5L V6 Drivetrain ['ACURA', 'SLX', '1996-1999', 'BORGWARD', 'ISABELLA', '1954-1961', 'ISUZU', 'AMIGO', '1989-1994', 'ISUZU', 'TROOPER', '1987-2002', 'ISUZU', 'VEHICROSS', '1999-2001', 'LEXUS', 'ES350', '2007-2018', 'LEXUS', 'GX460', '2010-2015', 'LEXUS', 'RX350', '2010-2015', 'PORSCHE', '911', '1990-2005', 'SCION', 'TC', '2011-2016', 'TOYOTA', 'AVALON', '2008-2018', 'TOYOTA', 'CAMRY', '2007-2015', 'TOYOTA', 'HIGHLANDER', '2009-2018', 'TOYOTA', 'RAV4', '2013-2018', 'TOYOTA', 'SIENNA', '2011-2016', 'TOYOTA', 'VENZA', '2009-2016']",NB30210,LEXUS,"[{""address"":""Acura Almulla, Car Dealer Rd, Kuwait"",""location"":""https://maps.app.goo.gl/J3oPuFs33svZGpK89""}]",images/LEXUS/LEXUS___ES350___3.5L_V6___Differential_Carrier_Bearing___Race___NB30210___15808.jpg,,14,0,0,,,0,0,Standard Replacement ,0,0,1,,Left,,,,,,,0,,0,,,0,,,14/08/2024,1,1,Differential Carrier Bearing / Race,,,,Accepted,500,,LEXUS,2009,ES350,https://www.rockauto.com/info/1101/NB30210_1__ra_m.jpg
16,"3.5L V6 Drivetrain ['ACURA', 'SLX', '1996-1999', 'ISUZU', 'AMIGO', '1989-1992', 'ISUZU', 'PICKUP', '1988-1992', 'ISUZU', 'TROOPER', '1987-1997', 'LEXUS', 'ES250', '1990-1991', 'LEXUS', 'ES300', '1992-1993', 'LEXUS', 'ES350', '2007-2013', 'LEXUS', 'RX350', '2007-2014', 'PORSCHE', '911', '1984-1989', 'SCION', 'TC', '2005-2010', 'SCION', 'XB', '2009-2014', 'TOYOTA', 'AVALON', '2007-2011', 'TOYOTA', 'CAMRY', '1991-2011', 'TOYOTA', 'CELICA', '1988-1993', 'TOYOTA', 'COROLLA', '1988-1992', 'TOYOTA', 'HIGHLANDER', '2005-2013', 'TOYOTA', 'MR2', '1988-1994', 'TOYOTA', 'RAV4', '1996-2012', 'TOYOTA', 'SIENNA', '2011-2014', 'TOYOTA', 'VENZA', '2009-2014']",BR30210,LEXUS,"[{""address"":""Acura Almulla, Car Dealer Rd, Kuwait"",""location"":""https://maps.app.goo.gl/J3oPuFs33svZGpK89""}]",images/LEXUS/LEXUS___ES350___3.5L_V6___Differential_Carrier_Bearing___Race___BR30210___44721.jpg,,18,0,0,,,0,0,Standard Replacement ,0,0,1,,Front,,,,,,,0,,0,,,0,,,14/08/2024,1,1,Differential Carrier Bearing / Race,,,,Accepted,500,,LEXUS,2009,ES350,https://www.rockauto.com/info/196/BR30210_1__ra_m.jpg
16,"3.5L V6 Drivetrain ['ACURA', 'SLX', '1996-1999', 'BORGWARD', 'ISABELLA', '1954-1961', 'ISUZU', 'AMIGO', '1989-1994', 'ISUZU', 'TROOPER', '1987-2002', 'ISUZU', 'VEHICROSS', '1999-2001', 'LEXUS', 'ES350', '2007-2018', 'LEXUS', 'GX460', '2010-2015', 'LEXUS', 'RX350', '2010-2013', 'PORSCHE', '911', '1990-2005', 'SCION', 'TC', '2011-2016', 'TOYOTA', 'AVALON', '2008-2018', 'TOYOTA', 'CAMRY', '2007-2015', 'TOYOTA', 'HIGHLANDER', '2009-2018', 'TOYOTA', 'RAV4', '2013-2018', 'TOYOTA', 'SIENNA', '2011-2014', 'TOYOTA', 'VENZA', '2009-2016']",691210,LEXUS,"[{""address"":""Acura Almulla, Car Dealer Rd, Kuwait"",""location"":""https://maps.app.goo.gl/J3oPuFs33svZGpK89""}]",images/LEXUS/LEXUS___ES350___3.5L_V6___Differential_Carrier_Bearing___Race___691210___61190.jpg,,8,0,0,,,0,0,Standard Replacement ,0,0,1,,Rear Left,,,,,,,0,,0,,,0,,,14/08/2024,1,1,Differential Carrier Bearing / Race,,,,Accepted,500,,LEXUS,2009,ES350,https://www.rockauto.com/info/97/691210__ra_m.jpg
16,"3.5L V6 Drivetrain ['LEXUS', 'ES300', '2001-2003', 'LEXUS', 'ES330', '2004-2006', 'LEXUS', 'ES350', '2007-2009', 'LEXUS', 'GS300', '2001-2006', 'LEXUS', 'GS350', '2007-2009', 'LEXUS', 'GS430', '2001-2007', 'LEXUS', 'GS450H', '2007-2009', 'LEXUS', 'GS460', '2008-2009', 'LEXUS', 'GX470', '2003-2009', 'LEXUS', 'IS F', '2008-2009', 'LEXUS', 'IS250', '2006-2009', 'LEXUS', 'IS300', '2001-2005', 'LEXUS', 'IS350', '2006-2009', 'LEXUS', 'LS430', '2001-2006', 'LEXUS', 'LS460', '2007-2009', 'LEXUS', 'LS600H', '2008-2009', 'LEXUS', 'LX470', '2001-2007', 'LEXUS', 'LX570', '2008-2009', 'LEXUS', 'RX300', '1999-2003', 'LEXUS', 'RX330', '2004-2006', 'LEXUS', 'RX350', '2007-2009', 'LEXUS', 'RX400H', '2006-2008', 'LEXUS', 'SC430', '2002-2009', 'TOYOTA', 'HIGHLANDER', '2001-2013', 'TOYOTA', 'RAV4', '2001-2005', 'TOYOTA', 'SIENNA', '2004-2010']",BT2050,LEXUS,"[{""address"":""Acura Almulla, Car Dealer Rd, Kuwait"",""location"":""https://maps.app.goo.gl/J3oPuFs33svZGpK89""}]",images/LEXUS/LEXUS___ES350___3.5L_V6___Transfer_Case_Input_Shaft_Bearing___BT2050___81420.jpg,,18,0,0,,,0,0,none,0,0,1,,,,,,,,,0,,0,,,0,,,14/08/2024,1,1,Transfer Case Input Shaft Bearing,,,,Accepted,500,,LEXUS,2009,ES350,https://www.rockauto.com/info/758/7122050100-1__ra_m.jpg
16,"3.5L V6 Drivetrain ['LEXUS', 'ES300', '2001-2003', 'LEXUS', 'ES330', '2004-2006', 'LEXUS', 'ES350', '2007-2009', 'LEXUS', 'GS300', '2001-2006', 'LEXUS', 'GS350', '2007-2009', 'LEXUS', 'GS430', '2001-2007', 'LEXUS', 'GS450H', '2007-2009', 'LEXUS', 'GS460', '2008-2009', 'LEXUS', 'GX470', '2003-2009', 'LEXUS', 'IS F', '2008-2009', 'LEXUS', 'IS250', '2006-2009', 'LEXUS', 'IS300', '2001-2005', 'LEXUS', 'IS350', '2006-2009', 'LEXUS', 'LS430', '2001-2006', 'LEXUS', 'LS460', '2007-2009', 'LEXUS', 'LS600H', '2008-2009', 'LEXUS', 'LX470', '2001-2007', 'LEXUS', 'LX570', '2008-2009', 'LEXUS', 'RX300', '2001-2003', 'LEXUS', 'RX330', '2004-2006', 'LEXUS', 'RX350', '2007-2009', 'LEXUS', 'RX400H', '2006-2008', 'LEXUS', 'SC430', '2002-2009', 'TOYOTA', 'RAV4', '2001-2004']",SS4553,LEXUS,"[{""address"":""Acura Almulla, Car Dealer Rd, Kuwait"",""location"":""https://maps.app.goo.gl/J3oPuFs33svZGpK89""}]",images/LEXUS/LEXUS___ES350___3.5L_V6___Transfer_Case_Input_Shaft_Seal___SS4553___43470.jpg,,Out of Stock,0,0,,,0,0,none,0,0,1,,,,,,,,,0,,0,,,0,,,14/08/2024,1,1,Transfer Case Input Shaft Seal,,,,Accepted,500,,LEXUS,2009,ES350,https://www.rockauto.com/info/758/SS4553-1-US__ra_m.jpg
16,"3.5L V6 Drivetrain ['LEXUS', 'ES300', '2001-2003', 'LEXUS', 'ES330', '2004-2006', 'LEXUS', 'ES350', '2007-2009', 'LEXUS', 'GS300', '2001-2006', 'LEXUS', 'GS350', '2007-2009', 'LEXUS', 'GS430', '2001-2007', 'LEXUS', 'GS450H', '2007-2009', 'LEXUS', 'GS460', '2008-2009', 'LEXUS', 'IS F', '2008-2009', 'LEXUS', 'IS250', '2006-2009', 'LEXUS', 'IS300', '2001-2005', 'LEXUS', 'IS350', '2006-2009', 'LEXUS', 'LS430', '2001-2006', 'LEXUS', 'LS460', '2007-2009', 'LEXUS', 'LS600H', '2008-2009', 'LEXUS', 'RX300', '1999-2003', 'LEXUS', 'RX330', '2004-2006', 'LEXUS', 'RX350', '2007-2009', 'LEXUS', 'RX400H', '2006-2008', 'LEXUS', 'SC430', '2002-2009', 'TOYOTA', 'HIGHLANDER', '2001-2013', 'TOYOTA', 'RAV4', '2002-2005', 'TOYOTA', 'SIENNA', '2004-2010']",KT708,LEXUS,"[{""address"":""Acura Almulla, Car Dealer Rd, Kuwait"",""location"":""https://maps.app.goo.gl/J3oPuFs33svZGpK89""}]",images/LEXUS/LEXUS___ES350___3.5L_V6___Transfer_Case_Output_Shaft_Bearing___KT708___3782.jpg,,20,0,0,,,0,0,none,0,0,1,,Front,,,,,,,0,,0,,,0,,,14/08/2024,1,1,Transfer Case Output Shaft Bearing,,,,Accepted,500,,LEXUS,2009,ES350,https://www.rockauto.com/info/758/7122051100-1__ra_m.jpg
16,"3.5L V6 Electrical ['LEXUS', 'ES350', '2007-2018', 'LEXUS', 'RX350', '2007-2009', 'TOYOTA', 'AVALON', '2005-2018', 'TOYOTA', 'HIGHLANDER', '2008-2013', 'TOYOTA', 'VENZA', '2009-2015']",11137N,LEXUS,"[{""address"":""Acura Almulla, Car Dealer Rd, Kuwait"",""location"":""https://maps.app.goo.gl/J3oPuFs33svZGpK89""}]",images/LEXUS/LEXUS___ES350___3.5L_V6___Alternator___Generator___11137N___6195.jpg,,132,0,0,,,0,0,New ,0,0,1,,,,,,,,,0,,0,,,0,,,14/08/2024,1,1,Alternator / Generator,,,,Accepted,500,,LEXUS,2009,ES350,https://www.rockauto.com/info/1031/11137N_F1__ra_m.jpg
16,"3.5L V6 Electrical ['LEXUS', 'ES350', '2009-2018', 'LEXUS', 'RX350', '2008-2015', 'TOYOTA', 'CAMRY', '2007-2017', 'TOYOTA', 'SIENNA', '2007-2017', 'TOYOTA', 'TUNDRA', '2010-2014']",2D5008,LEXUS,"[{""address"":""Acura Almulla, Car Dealer Rd, Kuwait"",""location"":""https://maps.app.goo.gl/J3oPuFs33svZGpK89""}]",images/LEXUS/LEXUS___ES350___3.5L_V6___Alternator___Generator_Pulley___2D5008___74943.jpg,,51,0,0,,,0,0,none,0,0,1,,,,,,,,,0,,0,,,0,,,14/08/2024,1,1,Alternator / Generator Pulley,,,,Accepted,500,,LEXUS,2009,ES350,https://www.rockauto.com/info/903/2D5008__ra_m.jpg
16,"3.5L V6 Electrical ['ACURA', '1998-2018', 'AUDI', '2004-2020', 'BMW', '2004-2020', 'BUICK', '1996-2016', 'CADILLAC', '1999-2017', 'CHEVROLET', '1978-2018', 'CHRYSLER', '1996-2019', 'DODGE', '1991-2018', 'FORD', '2006-2022', 'FREIGHTLINER', '2007-2008', 'GMC', '1991-2017', 'HONDA', '2003-2023', 'HYUNDAI', '2006-2022', 'INFINITI', '2015-2022', 'JEEP', '2005-2015', 'KIA', '2008-2016', 'LAND ROVER', '2010', 'LEXUS', '1998-2022', 'LINCOLN', '2007-2022', 'MAZDA', '2014-2022', 'MERCEDES-BENZ', '2004-2021', 'MERCURY', '2002-2011', 'MINI', '2008-2015', 'MITSUBISHI', '2014-2020', 'NISSAN', '2002-2020', 'OLDSMOBILE', '1993-2003', 'PLYMOUTH', '1991-2000', 'PONTIAC', '1997-2010', 'PORSCHE', '1998-2016', 'RAM', '2013-2022', 'SAAB', '2004-2010', 'SATURN', '2007-2010', 'SCION', '2006-2013', 'SEAT', '2003-2007', 'SUBARU', '2014-2017', 'SUZUKI', '1989-1999', 'TOYOTA', '1993-2022', 'VOLKSWAGEN', '1995-2016', 'VOLVO', '1998-2021']",91024,LEXUS,"[{""address"":""Acura Almulla, Car Dealer Rd, Kuwait"",""location"":""https://maps.app.goo.gl/J3oPuFs33svZGpK89""}]",images/LEXUS/LEXUS___ES350___3.5L_V6___Alternator_Pulley_Tool___91024___77842.jpg,,103,0,0,,,0,0,none,0,0,1,,,,,,,,,0,,0,,,0,,,14/08/2024,1,1,Alternator Pulley Tool,,,,Accepted,500,,LEXUS,2009,ES350,https://www.rockauto.com/info/64/91024-1_ANG_A__ra_m.jpg
16,"3.5L V6 Electrical ['ACURA', '1996-2016', 'AMERICAN MOTORS', '1976-1984', 'BMW', '1972-1979', 'BUICK', '1977-2003', 'CADILLAC', '1977-1999', 'CHEVROLET', '1980-2007', 'CHRYSLER', '1975-1999', 'DODGE', '1975-2012', 'EAGLE', '1988-1996', 'FERRARI', '1991-1993', 'FORD', '1989-2003', 'GEO', '1989-1995', 'GMC', '1993-2007', 'HONDA', '1990-2017', 'HYUNDAI', '2004-2005', 'INFINITI', '1995-1997', 'ISUZU', '1984-2003', 'JAGUAR', '1974-1979', 'JEEP', '1979-2012', 'LEXUS', '1990-2008', 'LINCOLN', '1991-1998', 'MAZDA', '1988-1995', 'MERCEDES-BENZ', '1973-1979', 'MERCURY', '1991-1997', 'MITSUBISHI', '1983-2014', 'NISSAN', '1991-2017', 'OLDSMOBILE', '1979-1999', 'PLYMOUTH', '1975-1999', 'PONTIAC', '1976-2001', 'RENAULT', '1983-1987', 'SATURN', '1993-2002', 'SCION', '2006-2012', 'SUBARU', '1985-2007', 'SUZUKI', '1989-2001', 'TOYOTA', '1973-2013', 'TRIUMPH', '1978-1979', 'VOLKSWAGEN', '1974', 'VOLVO', '1973-1977']",IL74R,LEXUS,"[{""address"":""Acura Almulla, Car Dealer Rd, Kuwait"",""location"":""https://maps.app.goo.gl/J3oPuFs33svZGpK89""}]",images/LEXUS/LEXUS___ES350___3.5L_V6___Ash_Tray_Light_Wire___IL74R___16088.jpg,,4,0,0,,,0,0,"LED (instant-on, long life, energy-saving) ",0,0,1,,,,,,,,,0,,0,,,0,,,14/08/2024,1,1,Ash Tray Light Wire,,,,Accepted,500,,LEXUS,2009,ES350,https://www.rockauto.com/info/687/687_PILOT%20AUTOMOTIVE_IL74R_1__ra_m.jpg
16,"3.5L V6 Electrical ['LEXUS', 'ES300', '2002-2003', 'LEXUS', 'ES350', '2007-2010', 'LEXUS', 'GS300', '2006', 'LEXUS', 'GS450H', '2007-2011', 'LEXUS', 'GX460', '2010-2011', 'LEXUS', 'GX470', '2003-2009', 'LEXUS', 'HS250H', '2010', 'LEXUS', 'IS F', '2008-2011', 'LEXUS', 'IS250', '2006-2011', 'LEXUS', 'LS430', '2001-2006', 'LEXUS', 'LS460', '2007-2009', 'LEXUS', 'LS600H', '2008-2011', 'LEXUS', 'LX570', '2008-2011', 'LEXUS', 'RX330', '2004-2006', 'LEXUS', 'RX350', '2007-2010', 'LEXUS', 'RX400H', '2006-2008', 'LEXUS', 'SC430', '2002-2010', 'TOYOTA', '4RUNNER', '2010-2011', 'TOYOTA', 'AVALON', '2005-2011', 'TOYOTA', 'CAMRY', '2007-2009', 'TOYOTA', 'HIGHLANDER', '2008-2011', 'TOYOTA', 'LAND CRUISER', '2008-2011', 'TOYOTA', 'SEQUOIA', '2008-2011', 'TOYOTA', 'SIENNA', '2003-2011', 'TOYOTA', 'TUNDRA', '2007-2011', 'TOYOTA', 'VENZA', '2009-2010']",EFL183,LEXUS,"[{""address"":""Acura Almulla, Car Dealer Rd, Kuwait"",""location"":""https://maps.app.goo.gl/J3oPuFs33svZGpK89""}]",images/LEXUS/LEXUS___ES350___3.5L_V6___Automatic_Headlamp_Sensor___EFL183___58533.jpg,,59,0,0,,,0,0,none,0,0,1,,,,,,,,,0,,0,,,0,,,14/08/2024,1,1,Automatic Headlamp Sensor,,,,Accepted,500,,LEXUS,2009,ES350,https://www.rockauto.com/info/154/EFL183_Front__ra_m.jpg
16,"3.5L V6 Electrical ['ACURA', '1995-2018', 'ALFA ROMEO', '1987-2008', 'AMERICAN MOTORS', '1969', 'ASUNA', '1993', 'CHEVROLET', '1998-2001', 'FERRARI', '1951-2005', 'FORD', '1953-1995', 'GEO', '1990-1995', 'HONDA', '1993-2017', 'HYUNDAI', '1987-2017', 'INFINITI', '1992-2019', 'ISUZU', '1991-2003', 'KIA', '2002-2019', 'LAMBORGHINI', '1991-1999', 'LEXUS', '1990-2021', 'LINCOLN', '1974-1978', 'MAZDA', '1981-2020', 'MERCEDES-BENZ', '1962-1971', 'MERCURY', '1961-1998', 'MITSUBISHI', '1999-2021', 'NISSAN', '1982-2020', 'PONTIAC', '2007-2010', 'SAAB', '1973-1991', 'SCION', '2008-2013', 'SUBARU', '1988-2019', 'SUZUKI', '2006-2012', 'TOYOTA', '1967-2022', 'VOLVO', '1967']",FT75035,LEXUS,"[{""address"":""Acura Almulla, Car Dealer Rd, Kuwait"",""location"":""https://maps.app.goo.gl/J3oPuFs33svZGpK89""}]",images/LEXUS/LEXUS___ES350___3.5L_V6___Battery___FT75035___14533.jpg,,175,0,0,,,0,0,Performance AGM (Extended Life + Increased Power) ,0,0,1,,,,,,,,,0,,0,,,0,,,14/08/2024,1,1,Battery,,,,Accepted,500,,LEXUS,2009,ES350,https://www.rockauto.com/info/1113/FT750-35-1__ra_m.jpg
16,"3.5L V6 Electrical ['ACURA', '1996-2018', 'ALFA ROMEO', '1977-2008', 'AMERICAN MOTORS', '1969', 'BUICK', '1955-1960', 'CADILLAC', '1958-1964', 'FERRARI', '1951-2005', 'FORD', '1951-1990', 'HONDA', '1993-2017', 'INFINITI', '1992-2019', 'ISUZU', '1998-2003', 'JAGUAR', '1953-1965', 'LAMBORGHINI', '1991-1999', 'LANCIA', '1959-1961', 'LEXUS', '1992-2023', 'LINCOLN', '1965-1978', 'MAZDA', '1984-2015', 'MERCEDES-BENZ', '1960-1971', 'MERCURY', '1958-1998', 'MITSUBISHI', '2007-2014', 'NISSAN', '1981-2022', 'OLDSMOBILE', '1954-1963', 'PONTIAC', '2010', 'ROLLS-ROYCE', '1955-2002', 'SAAB', '1970-1991', 'SCION', '2008-2013', 'SHELBY', '1963-1967', 'SUBARU', '1970', 'SUZUKI', '2006-2012', 'TOYOTA', '1968-2022', 'VOLVO', '1967']",S634R,LEXUS,"[{""address"":""Acura Almulla, Car Dealer Rd, Kuwait"",""location"":""https://maps.app.goo.gl/J3oPuFs33svZGpK89""}]",images/LEXUS/LEXUS___ES350___3.5L_V6___Battery___S634R___42185.jpg,,129,0,0,,,0,0,AGM (Extended Life) ,0,0,1,,Front Right,,,,,,,0,,0,,,0,,,14/08/2024,1,1,Battery,,,,Accepted,500,,LEXUS,2009,ES350,https://www.rockauto.com/info/23/S6-34Rangle__ra_m.jpg
16,"3.5L V6 Electrical ['LEXUS', 'ES350', '2007-2012', 'NISSAN', 'MAXIMA', '2002-2003', 'TOYOTA', 'AVALON', '2007-2014', 'TOYOTA', 'CAMRY', '2007-2014']",A262L,LEXUS,"[{""address"":""Acura Almulla, Car Dealer Rd, Kuwait"",""location"":""https://maps.app.goo.gl/J3oPuFs33svZGpK89""}]",images/LEXUS/LEXUS___ES350___3.5L_V6___Battery_Cable___A262L___33877.jpg,,11,0,0,,,0,0,Standard Replacement ,0,0,1,,,,,,,,,0,,0,,,0,,,14/08/2024,1,1,Battery Cable,,,,Accepted,500,,LEXUS,2009,ES350,https://www.rockauto.com/info/154/A26-2L_Front__ra_m.jpg
16,"3.5L V6 Electrical ['CHEVROLET', '1998-2002', 'CHRYSLER', '2005-2006', 'DODGE', '2005-2006', 'GEO', '1992-1995', 'INFINITI', '2004-2019', 'JEEP', '2005', 'LEXUS', '1992-2023', 'NISSAN', '2000-2023', 'SCION', '2006-2015', 'TOYOTA', '1984-2023']",2060001,LEXUS,"[{""address"":""Acura Almulla, Car Dealer Rd, Kuwait"",""location"":""https://maps.app.goo.gl/J3oPuFs33svZGpK89""}]",images/LEXUS/LEXUS___ES350___3.5L_V6___Battery_Terminal___2060001___66341.jpg,,7,0,0,,,0,0,none,0,0,1,,,,,,,,,0,,0,,,0,,,14/08/2024,1,1,Battery Terminal,,,,Accepted,500,,LEXUS,2009,ES350,https://www.rockauto.com/info/31/BA2060001-1__ra_m.jpg
16,"3.5L V6 Electrical ['LEXUS', 'ES350', '2007-2012', 'LEXUS', 'GS300', '2006', 'LEXUS', 'GS350', '2007-2011', 'LEXUS', 'GS430', '2006-2007', 'LEXUS', 'GS450H', '2007-2011', 'LEXUS', 'GS460', '2008-2011', 'LEXUS', 'IS F', '2010-2011', 'LEXUS', 'IS250', '2010', 'LEXUS', 'LFA', '2012', 'LEXUS', 'LS460', '2010-2013', 'LEXUS', 'LS600H', '2010-2014', 'LEXUS', 'RX350', '2010-2016', 'LEXUS', 'RX450H', '2010-2015', 'TOYOTA', 'CAMRY', '2006-2011', 'TOYOTA', 'VENZA', '2009-2016']",1R2225,LEXUS,"[{""address"":""Acura Almulla, Car Dealer Rd, Kuwait"",""location"":""https://maps.app.goo.gl/J3oPuFs33svZGpK89""}]",images/LEXUS/LEXUS___ES350___3.5L_V6___Flasher___1R2225___59185.jpg,,33,0,0,,,0,0,none,0,0,1,,,,,,,,,0,,0,,,0,,,14/08/2024,1,1,Flasher,,,,Accepted,500,,LEXUS,2009,ES350,https://www.rockauto.com/info/903/1R2225__ra_m.jpg
16,"3.5L V6 Electrical ['ACURA', '2007-2018', 'BUICK', '2013-2020', 'CADILLAC', '2010-2013', 'CHEVROLET', '2011-2022', 'CHRYSLER', '2017-2021', 'FORD', '2008-2022', 'GMC', '2011-2022', 'HONDA', '2006-2020', 'HYUNDAI', '2010-2020', 'KIA', '2011-2021', 'LEXUS', '2006-2015', 'LINCOLN', '2012-2020', 'MAZDA', '2006-2017', 'MITSUBISHI', '2011-2012', 'PONTIAC', '2008-2010', 'RAM', '2014-2021', 'SCION', '2008-2016', 'SUBARU', '2011-2013', 'SUZUKI', '2012', 'TOYOTA', '2003-2019']",ATM712LP,LEXUS,"[{""address"":""Acura Almulla, Car Dealer Rd, Kuwait"",""location"":""https://maps.app.goo.gl/J3oPuFs33svZGpK89""}]",images/LEXUS/LEXUS___ES350___3.5L_V6___Fuse___ATM712LP___11757.jpg,,2,0,0,,,0,0,7.5 Amp ,0,0,1,,,,,,,,,0,,0,,,0,,,14/08/2024,1,1,Fuse,,,,Accepted,500,,LEXUS,2009,ES350,https://www.rockauto.com/info/53/ATM-7-1-2LP_C__ra_m.jpg
